  -9.0000000e+01
  -8.9760000e+01
  -8.9520000e+01
  -8.9280000e+01
  -8.9040000e+01
  -8.8800000e+01
  -8.8560000e+01
  -8.8320000e+01
  -8.8080000e+01
  -8.7840000e+01
  -8.7600000e+01
  -8.7360000e+01
  -8.7120000e+01
  -8.6880000e+01
  -8.6640000e+01
  -8.6400000e+01
  -8.6160000e+01
  -8.5920000e+01
  -8.5680000e+01
  -8.5440000e+01
  -8.5200000e+01
  -8.4960000e+01
  -8.4720000e+01
  -8.4480000e+01
  -8.4240000e+01
  -8.4000000e+01
  -8.3760000e+01
  -8.3520000e+01
  -8.3280000e+01
  -8.3040000e+01
  -8.2800000e+01
  -8.2560000e+01
  -8.2320000e+01
  -8.2080000e+01
  -8.1840000e+01
  -8.1600000e+01
  -8.1360000e+01
  -8.1120000e+01
  -8.0880000e+01
  -8.0640000e+01
  -8.0400000e+01
  -8.0160000e+01
  -7.9920000e+01
  -7.9680000e+01
  -7.9440000e+01
  -7.9200000e+01
  -7.8960000e+01
  -7.8720000e+01
  -7.8480000e+01
  -7.8240000e+01
  -7.8000000e+01
  -7.7760000e+01
  -7.7520000e+01
  -7.7280000e+01
  -7.7040000e+01
  -7.6800000e+01
  -7.6560000e+01
  -7.6320000e+01
  -7.6080000e+01
  -7.5840000e+01
  -7.5600000e+01
  -7.5360000e+01
  -7.5120000e+01
  -7.4880000e+01
  -7.4640000e+01
  -7.4400000e+01
  -7.4160000e+01
  -7.3920000e+01
  -7.3680000e+01
  -7.3440000e+01
  -7.3200000e+01
  -7.2960000e+01
  -7.2720000e+01
  -7.2480000e+01
  -7.2240000e+01
  -7.2000000e+01
  -7.1760000e+01
  -7.1520000e+01
  -7.1280000e+01
  -7.1040000e+01
  -7.0800000e+01
  -7.0560000e+01
  -7.0320000e+01
  -7.0080000e+01
  -6.9840000e+01
  -6.9600000e+01
  -6.9360000e+01
  -6.9120000e+01
  -6.8880000e+01
  -6.8640000e+01
  -6.8400000e+01
  -6.8160000e+01
  -6.7920000e+01
  -6.7680000e+01
  -6.7440000e+01
  -6.7200000e+01
  -6.6960000e+01
  -6.6720000e+01
  -6.6480000e+01
  -6.6240000e+01
  -6.6000000e+01
  -6.5760000e+01
  -6.5520000e+01
  -6.5280000e+01
  -6.5040000e+01
  -6.4800000e+01
  -6.4560000e+01
  -6.4320000e+01
  -6.4080000e+01
  -6.3840000e+01
  -6.3600000e+01
  -6.3360000e+01
  -6.3120000e+01
  -6.2880000e+01
  -6.2640000e+01
  -6.2400000e+01
  -6.2160000e+01
  -6.1920000e+01
  -6.1680000e+01
  -6.1440000e+01
  -6.1200000e+01
  -6.0960000e+01
  -6.0720000e+01
  -6.0480000e+01
  -6.0240000e+01
  -6.0000000e+01
  -5.9760000e+01
  -5.9520000e+01
  -5.9280000e+01
  -5.9040000e+01
  -5.8800000e+01
  -5.8560000e+01
  -5.8320000e+01
  -5.8080000e+01
  -5.7840000e+01
  -5.7600000e+01
  -5.7360000e+01
  -5.7120000e+01
  -5.6880000e+01
  -5.6640000e+01
  -5.6400000e+01
  -5.6160000e+01
  -5.5920000e+01
  -5.5680000e+01
  -5.5440000e+01
  -5.5200000e+01
  -5.4960000e+01
  -5.4720000e+01
  -5.4480000e+01
  -5.4240000e+01
  -5.4000000e+01
  -5.3760000e+01
  -5.3520000e+01
  -5.3280000e+01
  -5.3040000e+01
  -5.2800000e+01
  -5.2560000e+01
  -5.2320000e+01
  -5.2080000e+01
  -5.1840000e+01
  -5.1600000e+01
  -5.1360000e+01
  -5.1120000e+01
  -5.0880000e+01
  -5.0640000e+01
  -5.0400000e+01
  -5.0160000e+01
  -4.9920000e+01
  -4.9680000e+01
  -4.9440000e+01
  -4.9200000e+01
  -4.8960000e+01
  -4.8720000e+01
  -4.8480000e+01
  -4.8240000e+01
  -4.8000000e+01
  -4.7760000e+01
  -4.7520000e+01
  -4.7280000e+01
  -4.7040000e+01
  -4.6800000e+01
  -4.6560000e+01
  -4.6320000e+01
  -4.6080000e+01
  -4.5840000e+01
  -4.5600000e+01
  -4.5360000e+01
  -4.5120000e+01
  -4.4880000e+01
  -4.4640000e+01
  -4.4400000e+01
  -4.4160000e+01
  -4.3920000e+01
  -4.3680000e+01
  -4.3440000e+01
  -4.3200000e+01
  -4.2960000e+01
  -4.2720000e+01
  -4.2480000e+01
  -4.2240000e+01
  -4.2000000e+01
  -4.1760000e+01
  -4.1520000e+01
  -4.1280000e+01
  -4.1040000e+01
  -4.0800000e+01
  -4.0560000e+01
  -4.0320000e+01
  -4.0080000e+01
  -3.9840000e+01
  -3.9600000e+01
  -3.9360000e+01
  -3.9120000e+01
  -3.8880000e+01
  -3.8640000e+01
  -3.8400000e+01
  -3.8160000e+01
  -3.7920000e+01
  -3.7680000e+01
  -3.7440000e+01
  -3.7200000e+01
  -3.6960000e+01
  -3.6720000e+01
  -3.6480000e+01
  -3.6240000e+01
  -3.6000000e+01
  -3.5760000e+01
  -3.5520000e+01
  -3.5280000e+01
  -3.5040000e+01
  -3.4800000e+01
  -3.4560000e+01
  -3.4320000e+01
  -3.4080000e+01
  -3.3840000e+01
  -3.3600000e+01
  -3.3360000e+01
  -3.3120000e+01
  -3.2880000e+01
  -3.2640000e+01
  -3.2400000e+01
  -3.2160000e+01
  -3.1920000e+01
  -3.1680000e+01
  -3.1440000e+01
  -3.1200000e+01
  -3.0960000e+01
  -3.0720000e+01
  -3.0480000e+01
  -3.0240000e+01
  -3.0000000e+01
  -2.9760000e+01
  -2.9520000e+01
  -2.9280000e+01
  -2.9040000e+01
  -2.8800000e+01
  -2.8560000e+01
  -2.8320000e+01
  -2.8080000e+01
  -2.7840000e+01
  -2.7600000e+01
  -2.7360000e+01
  -2.7120000e+01
  -2.6880000e+01
  -2.6640000e+01
  -2.6400000e+01
  -2.6160000e+01
  -2.5920000e+01
  -2.5680000e+01
  -2.5440000e+01
  -2.5200000e+01
  -2.4960000e+01
  -2.4720000e+01
  -2.4480000e+01
  -2.4240000e+01
  -2.4000000e+01
  -2.3760000e+01
  -2.3520000e+01
  -2.3280000e+01
  -2.3040000e+01
  -2.2800000e+01
  -2.2560000e+01
  -2.2320000e+01
  -2.2080000e+01
  -2.1840000e+01
  -2.1600000e+01
  -2.1360000e+01
  -2.1120000e+01
  -2.0880000e+01
  -2.0640000e+01
  -2.0400000e+01
  -2.0160000e+01
  -1.9920000e+01
  -1.9680000e+01
  -1.9440000e+01
  -1.9200000e+01
  -1.8960000e+01
  -1.8720000e+01
  -1.8480000e+01
  -1.8240000e+01
  -1.8000000e+01
  -1.7760000e+01
  -1.7520000e+01
  -1.7280000e+01
  -1.7040000e+01
  -1.6800000e+01
  -1.6560000e+01
  -1.6320000e+01
  -1.6080000e+01
  -1.5840000e+01
  -1.5600000e+01
  -1.5360000e+01
  -1.5120000e+01
  -1.4880000e+01
  -1.4640000e+01
  -1.4400000e+01
  -1.4160000e+01
  -1.3920000e+01
  -1.3680000e+01
  -1.3440000e+01
  -1.3200000e+01
  -1.2960000e+01
  -1.2720000e+01
  -1.2480000e+01
  -1.2240000e+01
  -1.2000000e+01
  -1.1760000e+01
  -1.1520000e+01
  -1.1280000e+01
  -1.1040000e+01
  -1.0800000e+01
  -1.0560000e+01
  -1.0320000e+01
  -1.0080000e+01
  -9.8400000e+00
  -9.6000000e+00
  -9.3600000e+00
  -9.1200000e+00
  -8.8800000e+00
  -8.6400000e+00
  -8.4000000e+00
  -8.1600000e+00
  -7.9200000e+00
  -7.6800000e+00
  -7.4400000e+00
  -7.2000000e+00
  -6.9600000e+00
  -6.7200000e+00
  -6.4800000e+00
  -6.2400000e+00
  -6.0000000e+00
  -5.7600000e+00
  -5.5200000e+00
  -5.2800000e+00
  -5.0400000e+00
  -4.8000000e+00
  -4.5600000e+00
  -4.3200000e+00
  -4.0800000e+00
  -3.8400000e+00
  -3.6000000e+00
  -3.3600000e+00
  -3.1200000e+00
  -2.8800000e+00
  -2.6400000e+00
  -2.4000000e+00
  -2.1600000e+00
  -1.9200000e+00
  -1.6800000e+00
  -1.4400000e+00
  -1.2000000e+00
  -9.6000000e-01
  -7.2000000e-01
  -4.8000000e-01
  -2.4000000e-01
   0.0000000e+00
   2.4000000e-01
   4.8000000e-01
   7.2000000e-01
   9.6000000e-01
   1.2000000e+00
   1.4400000e+00
   1.6800000e+00
   1.9200000e+00
   2.1600000e+00
   2.4000000e+00
   2.6400000e+00
   2.8800000e+00
   3.1200000e+00
   3.3600000e+00
   3.6000000e+00
   3.8400000e+00
   4.0800000e+00
   4.3200000e+00
   4.5600000e+00
   4.8000000e+00
   5.0400000e+00
   5.2800000e+00
   5.5200000e+00
   5.7600000e+00
   6.0000000e+00
   6.2400000e+00
   6.4800000e+00
   6.7200000e+00
   6.9600000e+00
   7.2000000e+00
   7.4400000e+00
   7.6800000e+00
   7.9200000e+00
   8.1600000e+00
   8.4000000e+00
   8.6400000e+00
   8.8800000e+00
   9.1200000e+00
   9.3600000e+00
   9.6000000e+00
   9.8400000e+00
   1.0080000e+01
   1.0320000e+01
   1.0560000e+01
   1.0800000e+01
   1.1040000e+01
   1.1280000e+01
   1.1520000e+01
   1.1760000e+01
   1.2000000e+01
   1.2240000e+01
   1.2480000e+01
   1.2720000e+01
   1.2960000e+01
   1.3200000e+01
   1.3440000e+01
   1.3680000e+01
   1.3920000e+01
   1.4160000e+01
   1.4400000e+01
   1.4640000e+01
   1.4880000e+01
   1.5120000e+01
   1.5360000e+01
   1.5600000e+01
   1.5840000e+01
   1.6080000e+01
   1.6320000e+01
   1.6560000e+01
   1.6800000e+01
   1.7040000e+01
   1.7280000e+01
   1.7520000e+01
   1.7760000e+01
   1.8000000e+01
   1.8240000e+01
   1.8480000e+01
   1.8720000e+01
   1.8960000e+01
   1.9200000e+01
   1.9440000e+01
   1.9680000e+01
   1.9920000e+01
   2.0160000e+01
   2.0400000e+01
   2.0640000e+01
   2.0880000e+01
   2.1120000e+01
   2.1360000e+01
   2.1600000e+01
   2.1840000e+01
   2.2080000e+01
   2.2320000e+01
   2.2560000e+01
   2.2800000e+01
   2.3040000e+01
   2.3280000e+01
   2.3520000e+01
   2.3760000e+01
   2.4000000e+01
   2.4240000e+01
   2.4480000e+01
   2.4720000e+01
   2.4960000e+01
   2.5200000e+01
   2.5440000e+01
   2.5680000e+01
   2.5920000e+01
   2.6160000e+01
   2.6400000e+01
   2.6640000e+01
   2.6880000e+01
   2.7120000e+01
   2.7360000e+01
   2.7600000e+01
   2.7840000e+01
   2.8080000e+01
   2.8320000e+01
   2.8560000e+01
   2.8800000e+01
   2.9040000e+01
   2.9280000e+01
   2.9520000e+01
   2.9760000e+01
   3.0000000e+01
   3.0240000e+01
   3.0480000e+01
   3.0720000e+01
   3.0960000e+01
   3.1200000e+01
   3.1440000e+01
   3.1680000e+01
   3.1920000e+01
   3.2160000e+01
   3.2400000e+01
   3.2640000e+01
   3.2880000e+01
   3.3120000e+01
   3.3360000e+01
   3.3600000e+01
   3.3840000e+01
   3.4080000e+01
   3.4320000e+01
   3.4560000e+01
   3.4800000e+01
   3.5040000e+01
   3.5280000e+01
   3.5520000e+01
   3.5760000e+01
   3.6000000e+01
   3.6240000e+01
   3.6480000e+01
   3.6720000e+01
   3.6960000e+01
   3.7200000e+01
   3.7440000e+01
   3.7680000e+01
   3.7920000e+01
   3.8160000e+01
   3.8400000e+01
   3.8640000e+01
   3.8880000e+01
   3.9120000e+01
   3.9360000e+01
   3.9600000e+01
   3.9840000e+01
   4.0080000e+01
   4.0320000e+01
   4.0560000e+01
   4.0800000e+01
   4.1040000e+01
   4.1280000e+01
   4.1520000e+01
   4.1760000e+01
   4.2000000e+01
   4.2240000e+01
   4.2480000e+01
   4.2720000e+01
   4.2960000e+01
   4.3200000e+01
   4.3440000e+01
   4.3680000e+01
   4.3920000e+01
   4.4160000e+01
   4.4400000e+01
   4.4640000e+01
   4.4880000e+01
   4.5120000e+01
   4.5360000e+01
   4.5600000e+01
   4.5840000e+01
   4.6080000e+01
   4.6320000e+01
   4.6560000e+01
   4.6800000e+01
   4.7040000e+01
   4.7280000e+01
   4.7520000e+01
   4.7760000e+01
   4.8000000e+01
   4.8240000e+01
   4.8480000e+01
   4.8720000e+01
   4.8960000e+01
   4.9200000e+01
   4.9440000e+01
   4.9680000e+01
   4.9920000e+01
   5.0160000e+01
   5.0400000e+01
   5.0640000e+01
   5.0880000e+01
   5.1120000e+01
   5.1360000e+01
   5.1600000e+01
   5.1840000e+01
   5.2080000e+01
   5.2320000e+01
   5.2560000e+01
   5.2800000e+01
   5.3040000e+01
   5.3280000e+01
   5.3520000e+01
   5.3760000e+01
   5.4000000e+01
   5.4240000e+01
   5.4480000e+01
   5.4720000e+01
   5.4960000e+01
   5.5200000e+01
   5.5440000e+01
   5.5680000e+01
   5.5920000e+01
   5.6160000e+01
   5.6400000e+01
   5.6640000e+01
   5.6880000e+01
   5.7120000e+01
   5.7360000e+01
   5.7600000e+01
   5.7840000e+01
   5.8080000e+01
   5.8320000e+01
   5.8560000e+01
   5.8800000e+01
   5.9040000e+01
   5.9280000e+01
   5.9520000e+01
   5.9760000e+01
   6.0000000e+01
   6.0240000e+01
   6.0480000e+01
   6.0720000e+01
   6.0960000e+01
   6.1200000e+01
   6.1440000e+01
   6.1680000e+01
   6.1920000e+01
   6.2160000e+01
   6.2400000e+01
   6.2640000e+01
   6.2880000e+01
   6.3120000e+01
   6.3360000e+01
   6.3600000e+01
   6.3840000e+01
   6.4080000e+01
   6.4320000e+01
   6.4560000e+01
   6.4800000e+01
   6.5040000e+01
   6.5280000e+01
   6.5520000e+01
   6.5760000e+01
   6.6000000e+01
   6.6240000e+01
   6.6480000e+01
   6.6720000e+01
   6.6960000e+01
   6.7200000e+01
   6.7440000e+01
   6.7680000e+01
   6.7920000e+01
   6.8160000e+01
   6.8400000e+01
   6.8640000e+01
   6.8880000e+01
   6.9120000e+01
   6.9360000e+01
   6.9600000e+01
   6.9840000e+01
   7.0080000e+01
   7.0320000e+01
   7.0560000e+01
   7.0800000e+01
   7.1040000e+01
   7.1280000e+01
   7.1520000e+01
   7.1760000e+01
   7.2000000e+01
   7.2240000e+01
   7.2480000e+01
   7.2720000e+01
   7.2960000e+01
   7.3200000e+01
   7.3440000e+01
   7.3680000e+01
   7.3920000e+01
   7.4160000e+01
   7.4400000e+01
   7.4640000e+01
   7.4880000e+01
   7.5120000e+01
   7.5360000e+01
   7.5600000e+01
   7.5840000e+01
   7.6080000e+01
   7.6320000e+01
   7.6560000e+01
   7.6800000e+01
   7.7040000e+01
   7.7280000e+01
   7.7520000e+01
   7.7760000e+01
   7.8000000e+01
   7.8240000e+01
   7.8480000e+01
   7.8720000e+01
   7.8960000e+01
   7.9200000e+01
   7.9440000e+01
   7.9680000e+01
   7.9920000e+01
   8.0160000e+01
   8.0400000e+01
   8.0640000e+01
   8.0880000e+01
   8.1120000e+01
   8.1360000e+01
   8.1600000e+01
   8.1840000e+01
   8.2080000e+01
   8.2320000e+01
   8.2560000e+01
   8.2800000e+01
   8.3040000e+01
   8.3280000e+01
   8.3520000e+01
   8.3760000e+01
   8.4000000e+01
   8.4240000e+01
   8.4480000e+01
   8.4720000e+01
   8.4960000e+01
   8.5200000e+01
   8.5440000e+01
   8.5680000e+01
   8.5920000e+01
   8.6160000e+01
   8.6400000e+01
   8.6640000e+01
   8.6880000e+01
   8.7120000e+01
   8.7360000e+01
   8.7600000e+01
   8.7840000e+01
   8.8080000e+01
   8.8320000e+01
   8.8560000e+01
   8.8800000e+01
   8.9040000e+01
   8.9280000e+01
   8.9520000e+01
   8.9760000e+01
  -9.0000000e+01
  -8.9760000e+01
  -8.9520000e+01
  -8.9280000e+01
  -8.9040000e+01
  -8.8800000e+01
  -8.8560000e+01
  -8.8320000e+01
  -8.8080000e+01
  -8.7840000e+01
  -8.7600000e+01
  -8.7360000e+01
  -8.7120000e+01
  -8.6880000e+01
  -8.6640000e+01
  -8.6400000e+01
  -8.6160000e+01
  -8.5920000e+01
  -8.5680000e+01
  -8.5440000e+01
  -8.5200000e+01
  -8.4960000e+01
  -8.4720000e+01
  -8.4480000e+01
  -8.4240000e+01
  -8.4000000e+01
  -8.3760000e+01
  -8.3520000e+01
  -8.3280000e+01
  -8.3040000e+01
  -8.2800000e+01
  -8.2560000e+01
  -8.2320000e+01
  -8.2080000e+01
  -8.1840000e+01
  -8.1600000e+01
  -8.1360000e+01
  -8.1120000e+01
  -8.0880000e+01
  -8.0640000e+01
  -8.0400000e+01
  -8.0160000e+01
  -7.9920000e+01
  -7.9680000e+01
  -7.9440000e+01
  -7.9200000e+01
  -7.8960000e+01
  -7.8720000e+01
  -7.8480000e+01
  -7.8240000e+01
  -7.8000000e+01
  -7.7760000e+01
  -7.7520000e+01
  -7.7280000e+01
  -7.7040000e+01
  -7.6800000e+01
  -7.6560000e+01
  -7.6320000e+01
  -7.6080000e+01
  -7.5840000e+01
  -7.5600000e+01
  -7.5360000e+01
  -7.5120000e+01
  -7.4880000e+01
  -7.4640000e+01
  -7.4400000e+01
  -7.4160000e+01
  -7.3920000e+01
  -7.3680000e+01
  -7.3440000e+01
  -7.3200000e+01
  -7.2960000e+01
  -7.2720000e+01
  -7.2480000e+01
  -7.2240000e+01
  -7.2000000e+01
  -7.1760000e+01
  -7.1520000e+01
  -7.1280000e+01
  -7.1040000e+01
  -7.0800000e+01
  -7.0560000e+01
  -7.0320000e+01
  -7.0080000e+01
  -6.9840000e+01
  -6.9600000e+01
  -6.9360000e+01
  -6.9120000e+01
  -6.8880000e+01
  -6.8640000e+01
  -6.8400000e+01
  -6.8160000e+01
  -6.7920000e+01
  -6.7680000e+01
  -6.7440000e+01
  -6.7200000e+01
  -6.6960000e+01
  -6.6720000e+01
  -6.6480000e+01
  -6.6240000e+01
  -6.6000000e+01
  -6.5760000e+01
  -6.5520000e+01
  -6.5280000e+01
  -6.5040000e+01
  -6.4800000e+01
  -6.4560000e+01
  -6.4320000e+01
  -6.4080000e+01
  -6.3840000e+01
  -6.3600000e+01
  -6.3360000e+01
  -6.3120000e+01
  -6.2880000e+01
  -6.2640000e+01
  -6.2400000e+01
  -6.2160000e+01
  -6.1920000e+01
  -6.1680000e+01
  -6.1440000e+01
  -6.1200000e+01
  -6.0960000e+01
  -6.0720000e+01
  -6.0480000e+01
  -6.0240000e+01
  -6.0000000e+01
  -5.9760000e+01
  -5.9520000e+01
  -5.9280000e+01
  -5.9040000e+01
  -5.8800000e+01
  -5.8560000e+01
  -5.8320000e+01
  -5.8080000e+01
  -5.7840000e+01
  -5.7600000e+01
  -5.7360000e+01
  -5.7120000e+01
  -5.6880000e+01
  -5.6640000e+01
  -5.6400000e+01
  -5.6160000e+01
  -5.5920000e+01
  -5.5680000e+01
  -5.5440000e+01
  -5.5200000e+01
  -5.4960000e+01
  -5.4720000e+01
  -5.4480000e+01
  -5.4240000e+01
  -5.4000000e+01
  -5.3760000e+01
  -5.3520000e+01
  -5.3280000e+01
  -5.3040000e+01
  -5.2800000e+01
  -5.2560000e+01
  -5.2320000e+01
  -5.2080000e+01
  -5.1840000e+01
  -5.1600000e+01
  -5.1360000e+01
  -5.1120000e+01
  -5.0880000e+01
  -5.0640000e+01
  -5.0400000e+01
  -5.0160000e+01
  -4.9920000e+01
  -4.9680000e+01
  -4.9440000e+01
  -4.9200000e+01
  -4.8960000e+01
  -4.8720000e+01
  -4.8480000e+01
  -4.8240000e+01
  -4.8000000e+01
  -4.7760000e+01
  -4.7520000e+01
  -4.7280000e+01
  -4.7040000e+01
  -4.6800000e+01
  -4.6560000e+01
  -4.6320000e+01
  -4.6080000e+01
  -4.5840000e+01
  -4.5600000e+01
  -4.5360000e+01
  -4.5120000e+01
  -4.4880000e+01
  -4.4640000e+01
  -4.4400000e+01
  -4.4160000e+01
  -4.3920000e+01
  -4.3680000e+01
  -4.3440000e+01
  -4.3200000e+01
  -4.2960000e+01
  -4.2720000e+01
  -4.2480000e+01
  -4.2240000e+01
  -4.2000000e+01
  -4.1760000e+01
  -4.1520000e+01
  -4.1280000e+01
  -4.1040000e+01
  -4.0800000e+01
  -4.0560000e+01
  -4.0320000e+01
  -4.0080000e+01
  -3.9840000e+01
  -3.9600000e+01
  -3.9360000e+01
  -3.9120000e+01
  -3.8880000e+01
  -3.8640000e+01
  -3.8400000e+01
  -3.8160000e+01
  -3.7920000e+01
  -3.7680000e+01
  -3.7440000e+01
  -3.7200000e+01
  -3.6960000e+01
  -3.6720000e+01
  -3.6480000e+01
  -3.6240000e+01
  -3.6000000e+01
  -3.5760000e+01
  -3.5520000e+01
  -3.5280000e+01
  -3.5040000e+01
  -3.4800000e+01
  -3.4560000e+01
  -3.4320000e+01
  -3.4080000e+01
  -3.3840000e+01
  -3.3600000e+01
  -3.3360000e+01
  -3.3120000e+01
  -3.2880000e+01
  -3.2640000e+01
  -3.2400000e+01
  -3.2160000e+01
  -3.1920000e+01
  -3.1680000e+01
  -3.1440000e+01
  -3.1200000e+01
  -3.0960000e+01
  -3.0720000e+01
  -3.0480000e+01
  -3.0240000e+01
  -3.0000000e+01
  -2.9760000e+01
  -2.9520000e+01
  -2.9280000e+01
  -2.9040000e+01
  -2.8800000e+01
  -2.8560000e+01
  -2.8320000e+01
  -2.8080000e+01
  -2.7840000e+01
  -2.7600000e+01
  -2.7360000e+01
  -2.7120000e+01
  -2.6880000e+01
  -2.6640000e+01
  -2.6400000e+01
  -2.6160000e+01
  -2.5920000e+01
  -2.5680000e+01
  -2.5440000e+01
  -2.5200000e+01
  -2.4960000e+01
  -2.4720000e+01
  -2.4480000e+01
  -2.4240000e+01
  -2.4000000e+01
  -2.3760000e+01
  -2.3520000e+01
  -2.3280000e+01
  -2.3040000e+01
  -2.2800000e+01
  -2.2560000e+01
  -2.2320000e+01
  -2.2080000e+01
  -2.1840000e+01
  -2.1600000e+01
  -2.1360000e+01
  -2.1120000e+01
  -2.0880000e+01
  -2.0640000e+01
  -2.0400000e+01
  -2.0160000e+01
  -1.9920000e+01
  -1.9680000e+01
  -1.9440000e+01
  -1.9200000e+01
  -1.8960000e+01
  -1.8720000e+01
  -1.8480000e+01
  -1.8240000e+01
  -1.8000000e+01
  -1.7760000e+01
  -1.7520000e+01
  -1.7280000e+01
  -1.7040000e+01
  -1.6800000e+01
  -1.6560000e+01
  -1.6320000e+01
  -1.6080000e+01
  -1.5840000e+01
  -1.5600000e+01
  -1.5360000e+01
  -1.5120000e+01
  -1.4880000e+01
  -1.4640000e+01
  -1.4400000e+01
  -1.4160000e+01
  -1.3920000e+01
  -1.3680000e+01
  -1.3440000e+01
  -1.3200000e+01
  -1.2960000e+01
  -1.2720000e+01
  -1.2480000e+01
  -1.2240000e+01
  -1.2000000e+01
  -1.1760000e+01
  -1.1520000e+01
  -1.1280000e+01
  -1.1040000e+01
  -1.0800000e+01
  -1.0560000e+01
  -1.0320000e+01
  -1.0080000e+01
  -9.8400000e+00
  -9.6000000e+00
  -9.3600000e+00
  -9.1200000e+00
  -8.8800000e+00
  -8.6400000e+00
  -8.4000000e+00
  -8.1600000e+00
  -7.9200000e+00
  -7.6800000e+00
  -7.4400000e+00
  -7.2000000e+00
  -6.9600000e+00
  -6.7200000e+00
  -6.4800000e+00
  -6.2400000e+00
  -6.0000000e+00
  -5.7600000e+00
  -5.5200000e+00
  -5.2800000e+00
  -5.0400000e+00
  -4.8000000e+00
  -4.5600000e+00
  -4.3200000e+00
  -4.0800000e+00
  -3.8400000e+00
  -3.6000000e+00
  -3.3600000e+00
  -3.1200000e+00
  -2.8800000e+00
  -2.6400000e+00
  -2.4000000e+00
  -2.1600000e+00
  -1.9200000e+00
  -1.6800000e+00
  -1.4400000e+00
  -1.2000000e+00
  -9.6000000e-01
  -7.2000000e-01
  -4.8000000e-01
  -2.4000000e-01
   5.9952043e-14
   2.4000000e-01
   4.8000000e-01
   7.2000000e-01
   9.6000000e-01
   1.2000000e+00
   1.4400000e+00
   1.6800000e+00
   1.9200000e+00
   2.1600000e+00
   2.4000000e+00
   2.6400000e+00
   2.8800000e+00
   3.1200000e+00
   3.3600000e+00
   3.6000000e+00
   3.8400000e+00
   4.0800000e+00
   4.3200000e+00
   4.5600000e+00
   4.8000000e+00
   5.0400000e+00
   5.2800000e+00
   5.5200000e+00
   5.7600000e+00
   6.0000000e+00
   6.2400000e+00
   6.4800000e+00
   6.7200000e+00
   6.9600000e+00
   7.2000000e+00
   7.4400000e+00
   7.6800000e+00
   7.9200000e+00
   8.1600000e+00
   8.4000000e+00
   8.6400000e+00
   8.8800000e+00
   9.1200000e+00
   9.3600000e+00
   9.6000000e+00
   9.8400000e+00
   1.0080000e+01
   1.0320000e+01
   1.0560000e+01
   1.0800000e+01
   1.1040000e+01
   1.1280000e+01
   1.1520000e+01
   1.1760000e+01
   1.2000000e+01
   1.2240000e+01
   1.2480000e+01
   1.2720000e+01
   1.2960000e+01
   1.3200000e+01
   1.3440000e+01
   1.3680000e+01
   1.3920000e+01
   1.4160000e+01
   1.4400000e+01
   1.4640000e+01
   1.4880000e+01
   1.5120000e+01
   1.5360000e+01
   1.5600000e+01
   1.5840000e+01
   1.6080000e+01
   1.6320000e+01
   1.6560000e+01
   1.6800000e+01
   1.7040000e+01
   1.7280000e+01
   1.7520000e+01
   1.7760000e+01
   1.8000000e+01
   1.8240000e+01
   1.8480000e+01
   1.8720000e+01
   1.8960000e+01
   1.9200000e+01
   1.9440000e+01
   1.9680000e+01
   1.9920000e+01
   2.0160000e+01
   2.0400000e+01
   2.0640000e+01
   2.0880000e+01
   2.1120000e+01
   2.1360000e+01
   2.1600000e+01
   2.1840000e+01
   2.2080000e+01
   2.2320000e+01
   2.2560000e+01
   2.2800000e+01
   2.3040000e+01
   2.3280000e+01
   2.3520000e+01
   2.3760000e+01
   2.4000000e+01
   2.4240000e+01
   2.4480000e+01
   2.4720000e+01
   2.4960000e+01
   2.5200000e+01
   2.5440000e+01
   2.5680000e+01
   2.5920000e+01
   2.6160000e+01
   2.6400000e+01
   2.6640000e+01
   2.6880000e+01
   2.7120000e+01
   2.7360000e+01
   2.7600000e+01
   2.7840000e+01
   2.8080000e+01
   2.8320000e+01
   2.8560000e+01
   2.8800000e+01
   2.9040000e+01
   2.9280000e+01
   2.9520000e+01
   2.9760000e+01
   3.0000000e+01
   3.0240000e+01
   3.0480000e+01
   3.0720000e+01
   3.0960000e+01
   3.1200000e+01
   3.1440000e+01
   3.1680000e+01
   3.1920000e+01
   3.2160000e+01
   3.2400000e+01
   3.2640000e+01
   3.2880000e+01
   3.3120000e+01
   3.3360000e+01
   3.3600000e+01
   3.3840000e+01
   3.4080000e+01
   3.4320000e+01
   3.4560000e+01
   3.4800000e+01
   3.5040000e+01
   3.5280000e+01
   3.5520000e+01
   3.5760000e+01
   3.6000000e+01
   3.6240000e+01
   3.6480000e+01
   3.6720000e+01
   3.6960000e+01
   3.7200000e+01
   3.7440000e+01
   3.7680000e+01
   3.7920000e+01
   3.8160000e+01
   3.8400000e+01
   3.8640000e+01
   3.8880000e+01
   3.9120000e+01
   3.9360000e+01
   3.9600000e+01
   3.9840000e+01
   4.0080000e+01
   4.0320000e+01
   4.0560000e+01
   4.0800000e+01
   4.1040000e+01
   4.1280000e+01
   4.1520000e+01
   4.1760000e+01
   4.2000000e+01
   4.2240000e+01
   4.2480000e+01
   4.2720000e+01
   4.2960000e+01
   4.3200000e+01
   4.3440000e+01
   4.3680000e+01
   4.3920000e+01
   4.4160000e+01
   4.4400000e+01
   4.4640000e+01
   4.4880000e+01
   4.5120000e+01
   4.5360000e+01
   4.5600000e+01
   4.5840000e+01
   4.6080000e+01
   4.6320000e+01
   4.6560000e+01
   4.6800000e+01
   4.7040000e+01
   4.7280000e+01
   4.7520000e+01
   4.7760000e+01
   4.8000000e+01
   4.8240000e+01
   4.8480000e+01
   4.8720000e+01
   4.8960000e+01
   4.9200000e+01
   4.9440000e+01
   4.9680000e+01
   4.9920000e+01
   5.0160000e+01
   5.0400000e+01
   5.0640000e+01
   5.0880000e+01
   5.1120000e+01
   5.1360000e+01
   5.1600000e+01
   5.1840000e+01
   5.2080000e+01
   5.2320000e+01
   5.2560000e+01
   5.2800000e+01
   5.3040000e+01
   5.3280000e+01
   5.3520000e+01
   5.3760000e+01
   5.4000000e+01
   5.4240000e+01
   5.4480000e+01
   5.4720000e+01
   5.4960000e+01
   5.5200000e+01
   5.5440000e+01
   5.5680000e+01
   5.5920000e+01
   5.6160000e+01
   5.6400000e+01
   5.6640000e+01
   5.6880000e+01
   5.7120000e+01
   5.7360000e+01
   5.7600000e+01
   5.7840000e+01
   5.8080000e+01
   5.8320000e+01
   5.8560000e+01
   5.8800000e+01
   5.9040000e+01
   5.9280000e+01
   5.9520000e+01
   5.9760000e+01
   6.0000000e+01
   6.0240000e+01
   6.0480000e+01
   6.0720000e+01
   6.0960000e+01
   6.1200000e+01
   6.1440000e+01
   6.1680000e+01
   6.1920000e+01
   6.2160000e+01
   6.2400000e+01
   6.2640000e+01
   6.2880000e+01
   6.3120000e+01
   6.3360000e+01
   6.3600000e+01
   6.3840000e+01
   6.4080000e+01
   6.4320000e+01
   6.4560000e+01
   6.4800000e+01
   6.5040000e+01
   6.5280000e+01
   6.5520000e+01
   6.5760000e+01
   6.6000000e+01
   6.6240000e+01
   6.6480000e+01
   6.6720000e+01
   6.6960000e+01
   6.7200000e+01
   6.7440000e+01
   6.7680000e+01
   6.7920000e+01
   6.8160000e+01
   6.8400000e+01
   6.8640000e+01
   6.8880000e+01
   6.9120000e+01
   6.9360000e+01
   6.9600000e+01
   6.9840000e+01
   7.0080000e+01
   7.0320000e+01
   7.0560000e+01
   7.0800000e+01
   7.1040000e+01
   7.1280000e+01
   7.1520000e+01
   7.1760000e+01
   7.2000000e+01
   7.2240000e+01
   7.2480000e+01
   7.2720000e+01
   7.2960000e+01
   7.3200000e+01
   7.3440000e+01
   7.3680000e+01
   7.3920000e+01
   7.4160000e+01
   7.4400000e+01
   7.4640000e+01
   7.4880000e+01
   7.5120000e+01
   7.5360000e+01
   7.5600000e+01
   7.5840000e+01
   7.6080000e+01
   7.6320000e+01
   7.6560000e+01
   7.6800000e+01
   7.7040000e+01
   7.7280000e+01
   7.7520000e+01
   7.7760000e+01
   7.8000000e+01
   7.8240000e+01
   7.8480000e+01
   7.8720000e+01
   7.8960000e+01
   7.9200000e+01
   7.9440000e+01
   7.9680000e+01
   7.9920000e+01
   8.0160000e+01
   8.0400000e+01
   8.0640000e+01
   8.0880000e+01
   8.1120000e+01
   8.1360000e+01
   8.1600000e+01
   8.1840000e+01
   8.2080000e+01
   8.2320000e+01
   8.2560000e+01
   8.2800000e+01
   8.3040000e+01
   8.3280000e+01
   8.3520000e+01
   8.3760000e+01
   8.4000000e+01
   8.4240000e+01
   8.4480000e+01
   8.4720000e+01
   8.4960000e+01
   8.5200000e+01
   8.5440000e+01
   8.5680000e+01
   8.5920000e+01
   8.6160000e+01
   8.6400000e+01
   8.6640000e+01
   8.6880000e+01
   8.7120000e+01
   8.7360000e+01
   8.7600000e+01
   8.7840000e+01
   8.8080000e+01
   8.8320000e+01
   8.8560000e+01
   8.8800000e+01
   8.9040000e+01
   8.9280000e+01
   8.9520000e+01
   8.9760000e+01
  -9.0000000e+01
  -8.9760000e+01
  -8.9520000e+01
  -8.9280000e+01
  -8.9040000e+01
  -8.8800000e+01
  -8.8560000e+01
  -8.8320000e+01
  -8.8080000e+01
  -8.7840000e+01
  -8.7600000e+01
  -8.7360000e+01
  -8.7120000e+01
  -8.6880000e+01
  -8.6640000e+01
  -8.6400000e+01
  -8.6160000e+01
  -8.5920000e+01
  -8.5680000e+01
  -8.5440000e+01
  -8.5200000e+01
  -8.4960000e+01
  -8.4720000e+01
  -8.4480000e+01
  -8.4240000e+01
  -8.4000000e+01
  -8.3760000e+01
  -8.3520000e+01
  -8.3280000e+01
  -8.3040000e+01
  -8.2800000e+01
  -8.2560000e+01
  -8.2320000e+01
  -8.2080000e+01
  -8.1840000e+01
  -8.1600000e+01
  -8.1360000e+01
  -8.1120000e+01
  -8.0880000e+01
  -8.0640000e+01
  -8.0400000e+01
  -8.0160000e+01
  -7.9920000e+01
  -7.9680000e+01
  -7.9440000e+01
  -7.9200000e+01
  -7.8960000e+01
  -7.8720000e+01
  -7.8480000e+01
  -7.8240000e+01
  -7.8000000e+01
  -7.7760000e+01
  -7.7520000e+01
  -7.7280000e+01
  -7.7040000e+01
  -7.6800000e+01
  -7.6560000e+01
  -7.6320000e+01
  -7.6080000e+01
  -7.5840000e+01
  -7.5600000e+01
  -7.5360000e+01
  -7.5120000e+01
  -7.4880000e+01
  -7.4640000e+01
  -7.4400000e+01
  -7.4160000e+01
  -7.3920000e+01
  -7.3680000e+01
  -7.3440000e+01
  -7.3200000e+01
  -7.2960000e+01
  -7.2720000e+01
  -7.2480000e+01
  -7.2240000e+01
  -7.2000000e+01
  -7.1760000e+01
  -7.1520000e+01
  -7.1280000e+01
  -7.1040000e+01
  -7.0800000e+01
  -7.0560000e+01
  -7.0320000e+01
  -7.0080000e+01
  -6.9840000e+01
  -6.9600000e+01
  -6.9360000e+01
  -6.9120000e+01
  -6.8880000e+01
  -6.8640000e+01
  -6.8400000e+01
  -6.8160000e+01
  -6.7920000e+01
  -6.7680000e+01
  -6.7440000e+01
  -6.7200000e+01
  -6.6960000e+01
  -6.6720000e+01
  -6.6480000e+01
  -6.6240000e+01
  -6.6000000e+01
  -6.5760000e+01
  -6.5520000e+01
  -6.5280000e+01
  -6.5040000e+01
  -6.4800000e+01
  -6.4560000e+01
  -6.4320000e+01
  -6.4080000e+01
  -6.3840000e+01
  -6.3600000e+01
  -6.3360000e+01
  -6.3120000e+01
  -6.2880000e+01
  -6.2640000e+01
  -6.2400000e+01
  -6.2160000e+01
  -6.1920000e+01
  -6.1680000e+01
  -6.1440000e+01
  -6.1200000e+01
  -6.0960000e+01
  -6.0720000e+01
  -6.0480000e+01
  -6.0240000e+01
  -6.0000000e+01
  -5.9760000e+01
  -5.9520000e+01
  -5.9280000e+01
  -5.9040000e+01
  -5.8800000e+01
  -5.8560000e+01
  -5.8320000e+01
  -5.8080000e+01
  -5.7840000e+01
  -5.7600000e+01
  -5.7360000e+01
  -5.7120000e+01
  -5.6880000e+01
  -5.6640000e+01
  -5.6400000e+01
  -5.6160000e+01
  -5.5920000e+01
  -5.5680000e+01
  -5.5440000e+01
  -5.5200000e+01
  -5.4960000e+01
  -5.4720000e+01
  -5.4480000e+01
  -5.4240000e+01
  -5.4000000e+01
  -5.3760000e+01
  -5.3520000e+01
  -5.3280000e+01
  -5.3040000e+01
  -5.2800000e+01
  -5.2560000e+01
  -5.2320000e+01
  -5.2080000e+01
  -5.1840000e+01
  -5.1600000e+01
  -5.1360000e+01
  -5.1120000e+01
  -5.0880000e+01
  -5.0640000e+01
  -5.0400000e+01
  -5.0160000e+01
  -4.9920000e+01
  -4.9680000e+01
  -4.9440000e+01
  -4.9200000e+01
  -4.8960000e+01
  -4.8720000e+01
  -4.8480000e+01
  -4.8240000e+01
  -4.8000000e+01
  -4.7760000e+01
  -4.7520000e+01
  -4.7280000e+01
  -4.7040000e+01
  -4.6800000e+01
  -4.6560000e+01
  -4.6320000e+01
  -4.6080000e+01
  -4.5840000e+01
  -4.5600000e+01
  -4.5360000e+01
  -4.5120000e+01
  -4.4880000e+01
  -4.4640000e+01
  -4.4400000e+01
  -4.4160000e+01
  -4.3920000e+01
  -4.3680000e+01
  -4.3440000e+01
  -4.3200000e+01
  -4.2960000e+01
  -4.2720000e+01
  -4.2480000e+01
  -4.2240000e+01
  -4.2000000e+01
  -4.1760000e+01
  -4.1520000e+01
  -4.1280000e+01
  -4.1040000e+01
  -4.0800000e+01
  -4.0560000e+01
  -4.0320000e+01
  -4.0080000e+01
  -3.9840000e+01
  -3.9600000e+01
  -3.9360000e+01
  -3.9120000e+01
  -3.8880000e+01
  -3.8640000e+01
  -3.8400000e+01
  -3.8160000e+01
  -3.7920000e+01
  -3.7680000e+01
  -3.7440000e+01
  -3.7200000e+01
  -3.6960000e+01
  -3.6720000e+01
  -3.6480000e+01
  -3.6240000e+01
  -3.6000000e+01
  -3.5760000e+01
  -3.5520000e+01
  -3.5280000e+01
  -3.5040000e+01
  -3.4800000e+01
  -3.4560000e+01
  -3.4320000e+01
  -3.4080000e+01
  -3.3840000e+01
  -3.3600000e+01
  -3.3360000e+01
  -3.3120000e+01
  -3.2880000e+01
  -3.2640000e+01
  -3.2400000e+01
  -3.2160000e+01
  -3.1920000e+01
  -3.1680000e+01
  -3.1440000e+01
  -3.1200000e+01
  -3.0960000e+01
  -3.0720000e+01
  -3.0480000e+01
  -3.0240000e+01
  -3.0000000e+01
  -2.9760000e+01
  -2.9520000e+01
  -2.9280000e+01
  -2.9040000e+01
  -2.8800000e+01
  -2.8560000e+01
  -2.8320000e+01
  -2.8080000e+01
  -2.7840000e+01
  -2.7600000e+01
  -2.7360000e+01
  -2.7120000e+01
  -2.6880000e+01
  -2.6640000e+01
  -2.6400000e+01
  -2.6160000e+01
  -2.5920000e+01
  -2.5680000e+01
  -2.5440000e+01
  -2.5200000e+01
  -2.4960000e+01
  -2.4720000e+01
  -2.4480000e+01
  -2.4240000e+01
  -2.4000000e+01
  -2.3760000e+01
  -2.3520000e+01
  -2.3280000e+01
  -2.3040000e+01
  -2.2800000e+01
  -2.2560000e+01
  -2.2320000e+01
  -2.2080000e+01
  -2.1840000e+01
  -2.1600000e+01
  -2.1360000e+01
  -2.1120000e+01
  -2.0880000e+01
  -2.0640000e+01
  -2.0400000e+01
  -2.0160000e+01
  -1.9920000e+01
  -1.9680000e+01
  -1.9440000e+01
  -1.9200000e+01
  -1.8960000e+01
  -1.8720000e+01
  -1.8480000e+01
  -1.8240000e+01
  -1.8000000e+01
  -1.7760000e+01
  -1.7520000e+01
  -1.7280000e+01
  -1.7040000e+01
  -1.6800000e+01
  -1.6560000e+01
  -1.6320000e+01
  -1.6080000e+01
  -1.5840000e+01
  -1.5600000e+01
  -1.5360000e+01
  -1.5120000e+01
  -1.4880000e+01
  -1.4640000e+01
  -1.4400000e+01
  -1.4160000e+01
  -1.3920000e+01
  -1.3680000e+01
  -1.3440000e+01
  -1.3200000e+01
  -1.2960000e+01
  -1.2720000e+01
  -1.2480000e+01
  -1.2240000e+01
  -1.2000000e+01
  -1.1760000e+01
  -1.1520000e+01
  -1.1280000e+01
  -1.1040000e+01
  -1.0800000e+01
  -1.0560000e+01
  -1.0320000e+01
  -1.0080000e+01
  -9.8400000e+00
  -9.6000000e+00
  -9.3600000e+00
  -9.1200000e+00
  -8.8800000e+00
  -8.6400000e+00
  -8.4000000e+00
  -8.1600000e+00
  -7.9200000e+00
  -7.6800000e+00
  -7.4400000e+00
  -7.2000000e+00
  -6.9600000e+00
  -6.7200000e+00
  -6.4800000e+00
  -6.2400000e+00
  -6.0000000e+00
  -5.7600000e+00
  -5.5200000e+00
  -5.2800000e+00
  -5.0400000e+00
  -4.8000000e+00
  -4.5600000e+00
  -4.3200000e+00
  -4.0800000e+00
  -3.8400000e+00
  -3.6000000e+00
  -3.3600000e+00
  -3.1200000e+00
  -2.8800000e+00
  -2.6400000e+00
  -2.4000000e+00
  -2.1600000e+00
  -1.9200000e+00
  -1.6800000e+00
  -1.4400000e+00
  -1.2000000e+00
  -9.6000000e-01
  -7.2000000e-01
  -4.8000000e-01
  -2.4000000e-01
   0.0000000e+00
   2.4000000e-01
   4.8000000e-01
   7.2000000e-01
   9.6000000e-01
   1.2000000e+00
   1.4400000e+00
   1.6800000e+00
   1.9200000e+00
   2.1600000e+00
   2.4000000e+00
   2.6400000e+00
   2.8800000e+00
   3.1200000e+00
   3.3600000e+00
   3.6000000e+00
   3.8400000e+00
   4.0800000e+00
   4.3200000e+00
   4.5600000e+00
   4.8000000e+00
   5.0400000e+00
   5.2800000e+00
   5.5200000e+00
   5.7600000e+00
   6.0000000e+00
   6.2400000e+00
   6.4800000e+00
   6.7200000e+00
   6.9600000e+00
   7.2000000e+00
   7.4400000e+00
   7.6800000e+00
   7.9200000e+00
   8.1600000e+00
   8.4000000e+00
   8.6400000e+00
   8.8800000e+00
   9.1200000e+00
   9.3600000e+00
   9.6000000e+00
   9.8400000e+00
   1.0080000e+01
   1.0320000e+01
   1.0560000e+01
   1.0800000e+01
   1.1040000e+01
   1.1280000e+01
   1.1520000e+01
   1.1760000e+01
   1.2000000e+01
   1.2240000e+01
   1.2480000e+01
   1.2720000e+01
   1.2960000e+01
   1.3200000e+01
   1.3440000e+01
   1.3680000e+01
   1.3920000e+01
   1.4160000e+01
   1.4400000e+01
   1.4640000e+01
   1.4880000e+01
   1.5120000e+01
   1.5360000e+01
   1.5600000e+01
   1.5840000e+01
   1.6080000e+01
   1.6320000e+01
   1.6560000e+01
   1.6800000e+01
   1.7040000e+01
   1.7280000e+01
   1.7520000e+01
   1.7760000e+01
   1.8000000e+01
   1.8240000e+01
   1.8480000e+01
   1.8720000e+01
   1.8960000e+01
   1.9200000e+01
   1.9440000e+01
   1.9680000e+01
   1.9920000e+01
   2.0160000e+01
   2.0400000e+01
   2.0640000e+01
   2.0880000e+01
   2.1120000e+01
   2.1360000e+01
   2.1600000e+01
   2.1840000e+01
   2.2080000e+01
   2.2320000e+01
   2.2560000e+01
   2.2800000e+01
   2.3040000e+01
   2.3280000e+01
   2.3520000e+01
   2.3760000e+01
   2.4000000e+01
   2.4240000e+01
   2.4480000e+01
   2.4720000e+01
   2.4960000e+01
   2.5200000e+01
   2.5440000e+01
   2.5680000e+01
   2.5920000e+01
   2.6160000e+01
   2.6400000e+01
   2.6640000e+01
   2.6880000e+01
   2.7120000e+01
   2.7360000e+01
   2.7600000e+01
   2.7840000e+01
   2.8080000e+01
   2.8320000e+01
   2.8560000e+01
   2.8800000e+01
   2.9040000e+01
   2.9280000e+01
   2.9520000e+01
   2.9760000e+01
   3.0000000e+01
   3.0240000e+01
   3.0480000e+01
   3.0720000e+01
   3.0960000e+01
   3.1200000e+01
   3.1440000e+01
   3.1680000e+01
   3.1920000e+01
   3.2160000e+01
   3.2400000e+01
   3.2640000e+01
   3.2880000e+01
   3.3120000e+01
   3.3360000e+01
   3.3600000e+01
   3.3840000e+01
   3.4080000e+01
   3.4320000e+01
   3.4560000e+01
   3.4800000e+01
   3.5040000e+01
   3.5280000e+01
   3.5520000e+01
   3.5760000e+01
   3.6000000e+01
   3.6240000e+01
   3.6480000e+01
   3.6720000e+01
   3.6960000e+01
   3.7200000e+01
   3.7440000e+01
   3.7680000e+01
   3.7920000e+01
   3.8160000e+01
   3.8400000e+01
   3.8640000e+01
   3.8880000e+01
   3.9120000e+01
   3.9360000e+01
   3.9600000e+01
   3.9840000e+01
   4.0080000e+01
   4.0320000e+01
   4.0560000e+01
   4.0800000e+01
   4.1040000e+01
   4.1280000e+01
   4.1520000e+01
   4.1760000e+01
   4.2000000e+01
   4.2240000e+01
   4.2480000e+01
   4.2720000e+01
   4.2960000e+01
   4.3200000e+01
   4.3440000e+01
   4.3680000e+01
   4.3920000e+01
   4.4160000e+01
   4.4400000e+01
   4.4640000e+01
   4.4880000e+01
   4.5120000e+01
   4.5360000e+01
   4.5600000e+01
   4.5840000e+01
   4.6080000e+01
   4.6320000e+01
   4.6560000e+01
   4.6800000e+01
   4.7040000e+01
   4.7280000e+01
   4.7520000e+01
   4.7760000e+01
   4.8000000e+01
   4.8240000e+01
   4.8480000e+01
   4.8720000e+01
   4.8960000e+01
   4.9200000e+01
   4.9440000e+01
   4.9680000e+01
   4.9920000e+01
   5.0160000e+01
   5.0400000e+01
   5.0640000e+01
   5.0880000e+01
   5.1120000e+01
   5.1360000e+01
   5.1600000e+01
   5.1840000e+01
   5.2080000e+01
   5.2320000e+01
   5.2560000e+01
   5.2800000e+01
   5.3040000e+01
   5.3280000e+01
   5.3520000e+01
   5.3760000e+01
   5.4000000e+01
   5.4240000e+01
   5.4480000e+01
   5.4720000e+01
   5.4960000e+01
   5.5200000e+01
   5.5440000e+01
   5.5680000e+01
   5.5920000e+01
   5.6160000e+01
   5.6400000e+01
   5.6640000e+01
   5.6880000e+01
   5.7120000e+01
   5.7360000e+01
   5.7600000e+01
   5.7840000e+01
   5.8080000e+01
   5.8320000e+01
   5.8560000e+01
   5.8800000e+01
   5.9040000e+01
   5.9280000e+01
   5.9520000e+01
   5.9760000e+01
   6.0000000e+01
   6.0240000e+01
   6.0480000e+01
   6.0720000e+01
   6.0960000e+01
   6.1200000e+01
   6.1440000e+01
   6.1680000e+01
   6.1920000e+01
   6.2160000e+01
   6.2400000e+01
   6.2640000e+01
   6.2880000e+01
   6.3120000e+01
   6.3360000e+01
   6.3600000e+01
   6.3840000e+01
   6.4080000e+01
   6.4320000e+01
   6.4560000e+01
   6.4800000e+01
   6.5040000e+01
   6.5280000e+01
   6.5520000e+01
   6.5760000e+01
   6.6000000e+01
   6.6240000e+01
   6.6480000e+01
   6.6720000e+01
   6.6960000e+01
   6.7200000e+01
   6.7440000e+01
   6.7680000e+01
   6.7920000e+01
   6.8160000e+01
   6.8400000e+01
   6.8640000e+01
   6.8880000e+01
   6.9120000e+01
   6.9360000e+01
   6.9600000e+01
   6.9840000e+01
   7.0080000e+01
   7.0320000e+01
   7.0560000e+01
   7.0800000e+01
   7.1040000e+01
   7.1280000e+01
   7.1520000e+01
   7.1760000e+01
   7.2000000e+01
   7.2240000e+01
   7.2480000e+01
   7.2720000e+01
   7.2960000e+01
   7.3200000e+01
   7.3440000e+01
   7.3680000e+01
   7.3920000e+01
   7.4160000e+01
   7.4400000e+01
   7.4640000e+01
   7.4880000e+01
   7.5120000e+01
   7.5360000e+01
   7.5600000e+01
   7.5840000e+01
   7.6080000e+01
   7.6320000e+01
   7.6560000e+01
   7.6800000e+01
   7.7040000e+01
   7.7280000e+01
   7.7520000e+01
   7.7760000e+01
   7.8000000e+01
   7.8240000e+01
   7.8480000e+01
   7.8720000e+01
   7.8960000e+01
   7.9200000e+01
   7.9440000e+01
   7.9680000e+01
   7.9920000e+01
   8.0160000e+01
   8.0400000e+01
   8.0640000e+01
   8.0880000e+01
   8.1120000e+01
   8.1360000e+01
   8.1600000e+01
   8.1840000e+01
   8.2080000e+01
   8.2320000e+01
   8.2560000e+01
   8.2800000e+01
   8.3040000e+01
   8.3280000e+01
   8.3520000e+01
   8.3760000e+01
   8.4000000e+01
   8.4240000e+01
   8.4480000e+01
   8.4720000e+01
   8.4960000e+01
   8.5200000e+01
   8.5440000e+01
   8.5680000e+01
   8.5920000e+01
   8.6160000e+01
   8.6400000e+01
   8.6640000e+01
   8.6880000e+01
   8.7120000e+01
   8.7360000e+01
   8.7600000e+01
   8.7840000e+01
   8.8080000e+01
   8.8320000e+01
   8.8560000e+01
   8.8800000e+01
   8.9040000e+01
   8.9280000e+01
   8.9520000e+01
   8.9760000e+01
  -9.0000000e+01
  -8.9760000e+01
  -8.9520000e+01
  -8.9280000e+01
  -8.9040000e+01
  -8.8800000e+01
  -8.8560000e+01
  -8.8320000e+01
  -8.8080000e+01
  -8.7840000e+01
  -8.7600000e+01
  -8.7360000e+01
  -8.7120000e+01
  -8.6880000e+01
  -8.6640000e+01
  -8.6400000e+01
  -8.6160000e+01
  -8.5920000e+01
  -8.5680000e+01
  -8.5440000e+01
  -8.5200000e+01
  -8.4960000e+01
  -8.4720000e+01
  -8.4480000e+01
  -8.4240000e+01
  -8.4000000e+01
  -8.3760000e+01
  -8.3520000e+01
  -8.3280000e+01
  -8.3040000e+01
  -8.2800000e+01
  -8.2560000e+01
  -8.2320000e+01
  -8.2080000e+01
  -8.1840000e+01
  -8.1600000e+01
  -8.1360000e+01
  -8.1120000e+01
  -8.0880000e+01
  -8.0640000e+01
  -8.0400000e+01
  -8.0160000e+01
  -7.9920000e+01
  -7.9680000e+01
  -7.9440000e+01
  -7.9200000e+01
  -7.8960000e+01
  -7.8720000e+01
  -7.8480000e+01
  -7.8240000e+01
  -7.8000000e+01
  -7.7760000e+01
  -7.7520000e+01
  -7.7280000e+01
  -7.7040000e+01
  -7.6800000e+01
  -7.6560000e+01
  -7.6320000e+01
  -7.6080000e+01
  -7.5840000e+01
  -7.5600000e+01
  -7.5360000e+01
  -7.5120000e+01
  -7.4880000e+01
  -7.4640000e+01
  -7.4400000e+01
  -7.4160000e+01
  -7.3920000e+01
  -7.3680000e+01
  -7.3440000e+01
  -7.3200000e+01
  -7.2960000e+01
  -7.2720000e+01
  -7.2480000e+01
  -7.2240000e+01
  -7.2000000e+01
  -7.1760000e+01
  -7.1520000e+01
  -7.1280000e+01
  -7.1040000e+01
  -7.0800000e+01
  -7.0560000e+01
  -7.0320000e+01
  -7.0080000e+01
  -6.9840000e+01
  -6.9600000e+01
  -6.9360000e+01
  -6.9120000e+01
  -6.8880000e+01
  -6.8640000e+01
  -6.8400000e+01
  -6.8160000e+01
  -6.7920000e+01
  -6.7680000e+01
  -6.7440000e+01
  -6.7200000e+01
  -6.6960000e+01
  -6.6720000e+01
  -6.6480000e+01
  -6.6240000e+01
  -6.6000000e+01
  -6.5760000e+01
  -6.5520000e+01
  -6.5280000e+01
  -6.5040000e+01
  -6.4800000e+01
  -6.4560000e+01
  -6.4320000e+01
  -6.4080000e+01
  -6.3840000e+01
  -6.3600000e+01
  -6.3360000e+01
  -6.3120000e+01
  -6.2880000e+01
  -6.2640000e+01
  -6.2400000e+01
  -6.2160000e+01
  -6.1920000e+01
  -6.1680000e+01
  -6.1440000e+01
  -6.1200000e+01
  -6.0960000e+01
  -6.0720000e+01
  -6.0480000e+01
  -6.0240000e+01
  -6.0000000e+01
  -5.9760000e+01
  -5.9520000e+01
  -5.9280000e+01
  -5.9040000e+01
  -5.8800000e+01
  -5.8560000e+01
  -5.8320000e+01
  -5.8080000e+01
  -5.7840000e+01
  -5.7600000e+01
  -5.7360000e+01
  -5.7120000e+01
  -5.6880000e+01
  -5.6640000e+01
  -5.6400000e+01
  -5.6160000e+01
  -5.5920000e+01
  -5.5680000e+01
  -5.5440000e+01
  -5.5200000e+01
  -5.4960000e+01
  -5.4720000e+01
  -5.4480000e+01
  -5.4240000e+01
  -5.4000000e+01
  -5.3760000e+01
  -5.3520000e+01
  -5.3280000e+01
  -5.3040000e+01
  -5.2800000e+01
  -5.2560000e+01
  -5.2320000e+01
  -5.2080000e+01
  -5.1840000e+01
  -5.1600000e+01
  -5.1360000e+01
  -5.1120000e+01
  -5.0880000e+01
  -5.0640000e+01
  -5.0400000e+01
  -5.0160000e+01
  -4.9920000e+01
  -4.9680000e+01
  -4.9440000e+01
  -4.9200000e+01
  -4.8960000e+01
  -4.8720000e+01
  -4.8480000e+01
  -4.8240000e+01
  -4.8000000e+01
  -4.7760000e+01
  -4.7520000e+01
  -4.7280000e+01
  -4.7040000e+01
  -4.6800000e+01
  -4.6560000e+01
  -4.6320000e+01
  -4.6080000e+01
  -4.5840000e+01
  -4.5600000e+01
  -4.5360000e+01
  -4.5120000e+01
  -4.4880000e+01
  -4.4640000e+01
  -4.4400000e+01
  -4.4160000e+01
  -4.3920000e+01
  -4.3680000e+01
  -4.3440000e+01
  -4.3200000e+01
  -4.2960000e+01
  -4.2720000e+01
  -4.2480000e+01
  -4.2240000e+01
  -4.2000000e+01
  -4.1760000e+01
  -4.1520000e+01
  -4.1280000e+01
  -4.1040000e+01
  -4.0800000e+01
  -4.0560000e+01
  -4.0320000e+01
  -4.0080000e+01
  -3.9840000e+01
  -3.9600000e+01
  -3.9360000e+01
  -3.9120000e+01
  -3.8880000e+01
  -3.8640000e+01
  -3.8400000e+01
  -3.8160000e+01
  -3.7920000e+01
  -3.7680000e+01
  -3.7440000e+01
  -3.7200000e+01
  -3.6960000e+01
  -3.6720000e+01
  -3.6480000e+01
  -3.6240000e+01
  -3.6000000e+01
  -3.5760000e+01
  -3.5520000e+01
  -3.5280000e+01
  -3.5040000e+01
  -3.4800000e+01
  -3.4560000e+01
  -3.4320000e+01
  -3.4080000e+01
  -3.3840000e+01
  -3.3600000e+01
  -3.3360000e+01
  -3.3120000e+01
  -3.2880000e+01
  -3.2640000e+01
  -3.2400000e+01
  -3.2160000e+01
  -3.1920000e+01
  -3.1680000e+01
  -3.1440000e+01
  -3.1200000e+01
  -3.0960000e+01
  -3.0720000e+01
  -3.0480000e+01
  -3.0240000e+01
  -3.0000000e+01
  -2.9760000e+01
  -2.9520000e+01
  -2.9280000e+01
  -2.9040000e+01
  -2.8800000e+01
  -2.8560000e+01
  -2.8320000e+01
  -2.8080000e+01
  -2.7840000e+01
  -2.7600000e+01
  -2.7360000e+01
  -2.7120000e+01
  -2.6880000e+01
  -2.6640000e+01
  -2.6400000e+01
  -2.6160000e+01
  -2.5920000e+01
  -2.5680000e+01
  -2.5440000e+01
  -2.5200000e+01
  -2.4960000e+01
  -2.4720000e+01
  -2.4480000e+01
  -2.4240000e+01
  -2.4000000e+01
  -2.3760000e+01
  -2.3520000e+01
  -2.3280000e+01
  -2.3040000e+01
  -2.2800000e+01
  -2.2560000e+01
  -2.2320000e+01
  -2.2080000e+01
  -2.1840000e+01
  -2.1600000e+01
  -2.1360000e+01
  -2.1120000e+01
  -2.0880000e+01
  -2.0640000e+01
  -2.0400000e+01
  -2.0160000e+01
  -1.9920000e+01
  -1.9680000e+01
  -1.9440000e+01
  -1.9200000e+01
  -1.8960000e+01
  -1.8720000e+01
  -1.8480000e+01
  -1.8240000e+01
  -1.8000000e+01
  -1.7760000e+01
  -1.7520000e+01
  -1.7280000e+01
  -1.7040000e+01
  -1.6800000e+01
  -1.6560000e+01
  -1.6320000e+01
  -1.6080000e+01
  -1.5840000e+01
  -1.5600000e+01
  -1.5360000e+01
  -1.5120000e+01
  -1.4880000e+01
  -1.4640000e+01
  -1.4400000e+01
  -1.4160000e+01
  -1.3920000e+01
  -1.3680000e+01
  -1.3440000e+01
  -1.3200000e+01
  -1.2960000e+01
  -1.2720000e+01
  -1.2480000e+01
  -1.2240000e+01
  -1.2000000e+01
  -1.1760000e+01
  -1.1520000e+01
  -1.1280000e+01
  -1.1040000e+01
  -1.0800000e+01
  -1.0560000e+01
  -1.0320000e+01
  -1.0080000e+01
  -9.8400000e+00
  -9.6000000e+00
  -9.3600000e+00
  -9.1200000e+00
  -8.8800000e+00
  -8.6400000e+00
  -8.4000000e+00
  -8.1600000e+00
  -7.9200000e+00
  -7.6800000e+00
  -7.4400000e+00
  -7.2000000e+00
  -6.9600000e+00
  -6.7200000e+00
  -6.4800000e+00
  -6.2400000e+00
  -6.0000000e+00
  -5.7600000e+00
  -5.5200000e+00
  -5.2800000e+00
  -5.0400000e+00
  -4.8000000e+00
  -4.5600000e+00
  -4.3200000e+00
  -4.0800000e+00
  -3.8400000e+00
  -3.6000000e+00
  -3.3600000e+00
  -3.1200000e+00
  -2.8800000e+00
  -2.6400000e+00
  -2.4000000e+00
  -2.1600000e+00
  -1.9200000e+00
  -1.6800000e+00
  -1.4400000e+00
  -1.2000000e+00
  -9.6000000e-01
  -7.2000000e-01
  -4.8000000e-01
  -2.4000000e-01
   0.0000000e+00
   2.4000000e-01
   4.8000000e-01
   7.2000000e-01
   9.6000000e-01
   1.2000000e+00
   1.4400000e+00
   1.6800000e+00
   1.9200000e+00
   2.1600000e+00
   2.4000000e+00
   2.6400000e+00
   2.8800000e+00
   3.1200000e+00
   3.3600000e+00
   3.6000000e+00
   3.8400000e+00
   4.0800000e+00
   4.3200000e+00
   4.5600000e+00
   4.8000000e+00
   5.0400000e+00
   5.2800000e+00
   5.5200000e+00
   5.7600000e+00
   6.0000000e+00
   6.2400000e+00
   6.4800000e+00
   6.7200000e+00
   6.9600000e+00
   7.2000000e+00
   7.4400000e+00
   7.6800000e+00
   7.9200000e+00
   8.1600000e+00
   8.4000000e+00
   8.6400000e+00
   8.8800000e+00
   9.1200000e+00
   9.3600000e+00
   9.6000000e+00
   9.8400000e+00
   1.0080000e+01
   1.0320000e+01
   1.0560000e+01
   1.0800000e+01
   1.1040000e+01
   1.1280000e+01
   1.1520000e+01
   1.1760000e+01
   1.2000000e+01
   1.2240000e+01
   1.2480000e+01
   1.2720000e+01
   1.2960000e+01
   1.3200000e+01
   1.3440000e+01
   1.3680000e+01
   1.3920000e+01
   1.4160000e+01
   1.4400000e+01
   1.4640000e+01
   1.4880000e+01
   1.5120000e+01
   1.5360000e+01
   1.5600000e+01
   1.5840000e+01
   1.6080000e+01
   1.6320000e+01
   1.6560000e+01
   1.6800000e+01
   1.7040000e+01
   1.7280000e+01
   1.7520000e+01
   1.7760000e+01
   1.8000000e+01
   1.8240000e+01
   1.8480000e+01
   1.8720000e+01
   1.8960000e+01
   1.9200000e+01
   1.9440000e+01
   1.9680000e+01
   1.9920000e+01
   2.0160000e+01
   2.0400000e+01
   2.0640000e+01
   2.0880000e+01
   2.1120000e+01
   2.1360000e+01
   2.1600000e+01
   2.1840000e+01
   2.2080000e+01
   2.2320000e+01
   2.2560000e+01
   2.2800000e+01
   2.3040000e+01
   2.3280000e+01
   2.3520000e+01
   2.3760000e+01
   2.4000000e+01
   2.4240000e+01
   2.4480000e+01
   2.4720000e+01
   2.4960000e+01
   2.5200000e+01
   2.5440000e+01
   2.5680000e+01
   2.5920000e+01
   2.6160000e+01
   2.6400000e+01
   2.6640000e+01
   2.6880000e+01
   2.7120000e+01
   2.7360000e+01
   2.7600000e+01
   2.7840000e+01
   2.8080000e+01
   2.8320000e+01
   2.8560000e+01
   2.8800000e+01
   2.9040000e+01
   2.9280000e+01
   2.9520000e+01
   2.9760000e+01
   3.0000000e+01
   3.0240000e+01
   3.0480000e+01
   3.0720000e+01
   3.0960000e+01
   3.1200000e+01
   3.1440000e+01
   3.1680000e+01
   3.1920000e+01
   3.2160000e+01
   3.2400000e+01
   3.2640000e+01
   3.2880000e+01
   3.3120000e+01
   3.3360000e+01
   3.3600000e+01
   3.3840000e+01
   3.4080000e+01
   3.4320000e+01
   3.4560000e+01
   3.4800000e+01
   3.5040000e+01
   3.5280000e+01
   3.5520000e+01
   3.5760000e+01
   3.6000000e+01
   3.6240000e+01
   3.6480000e+01
   3.6720000e+01
   3.6960000e+01
   3.7200000e+01
   3.7440000e+01
   3.7680000e+01
   3.7920000e+01
   3.8160000e+01
   3.8400000e+01
   3.8640000e+01
   3.8880000e+01
   3.9120000e+01
   3.9360000e+01
   3.9600000e+01
   3.9840000e+01
   4.0080000e+01
   4.0320000e+01
   4.0560000e+01
   4.0800000e+01
   4.1040000e+01
   4.1280000e+01
   4.1520000e+01
   4.1760000e+01
   4.2000000e+01
   4.2240000e+01
   4.2480000e+01
   4.2720000e+01
   4.2960000e+01
   4.3200000e+01
   4.3440000e+01
   4.3680000e+01
   4.3920000e+01
   4.4160000e+01
   4.4400000e+01
   4.4640000e+01
   4.4880000e+01
   4.5120000e+01
   4.5360000e+01
   4.5600000e+01
   4.5840000e+01
   4.6080000e+01
   4.6320000e+01
   4.6560000e+01
   4.6800000e+01
   4.7040000e+01
   4.7280000e+01
   4.7520000e+01
   4.7760000e+01
   4.8000000e+01
   4.8240000e+01
   4.8480000e+01
   4.8720000e+01
   4.8960000e+01
   4.9200000e+01
   4.9440000e+01
   4.9680000e+01
   4.9920000e+01
   5.0160000e+01
   5.0400000e+01
   5.0640000e+01
   5.0880000e+01
   5.1120000e+01
   5.1360000e+01
   5.1600000e+01
   5.1840000e+01
   5.2080000e+01
   5.2320000e+01
   5.2560000e+01
   5.2800000e+01
   5.3040000e+01
   5.3280000e+01
   5.3520000e+01
   5.3760000e+01
   5.4000000e+01
   5.4240000e+01
   5.4480000e+01
   5.4720000e+01
   5.4960000e+01
   5.5200000e+01
   5.5440000e+01
   5.5680000e+01
   5.5920000e+01
   5.6160000e+01
   5.6400000e+01
   5.6640000e+01
   5.6880000e+01
   5.7120000e+01
   5.7360000e+01
   5.7600000e+01
   5.7840000e+01
   5.8080000e+01
   5.8320000e+01
   5.8560000e+01
   5.8800000e+01
   5.9040000e+01
   5.9280000e+01
   5.9520000e+01
   5.9760000e+01
   6.0000000e+01
   6.0240000e+01
   6.0480000e+01
   6.0720000e+01
   6.0960000e+01
   6.1200000e+01
   6.1440000e+01
   6.1680000e+01
   6.1920000e+01
   6.2160000e+01
   6.2400000e+01
   6.2640000e+01
   6.2880000e+01
   6.3120000e+01
   6.3360000e+01
   6.3600000e+01
   6.3840000e+01
   6.4080000e+01
   6.4320000e+01
   6.4560000e+01
   6.4800000e+01
   6.5040000e+01
   6.5280000e+01
   6.5520000e+01
   6.5760000e+01
   6.6000000e+01
   6.6240000e+01
   6.6480000e+01
   6.6720000e+01
   6.6960000e+01
   6.7200000e+01
   6.7440000e+01
   6.7680000e+01
   6.7920000e+01
   6.8160000e+01
   6.8400000e+01
   6.8640000e+01
   6.8880000e+01
   6.9120000e+01
   6.9360000e+01
   6.9600000e+01
   6.9840000e+01
   7.0080000e+01
   7.0320000e+01
   7.0560000e+01
   7.0800000e+01
   7.1040000e+01
   7.1280000e+01
   7.1520000e+01
   7.1760000e+01
   7.2000000e+01
   7.2240000e+01
   7.2480000e+01
   7.2720000e+01
   7.2960000e+01
   7.3200000e+01
   7.3440000e+01
   7.3680000e+01
   7.3920000e+01
   7.4160000e+01
   7.4400000e+01
   7.4640000e+01
   7.4880000e+01
   7.5120000e+01
   7.5360000e+01
   7.5600000e+01
   7.5840000e+01
   7.6080000e+01
   7.6320000e+01
   7.6560000e+01
   7.6800000e+01
   7.7040000e+01
   7.7280000e+01
   7.7520000e+01
   7.7760000e+01
   7.8000000e+01
   7.8240000e+01
   7.8480000e+01
   7.8720000e+01
   7.8960000e+01
   7.9200000e+01
   7.9440000e+01
   7.9680000e+01
   7.9920000e+01
   8.0160000e+01
   8.0400000e+01
   8.0640000e+01
   8.0880000e+01
   8.1120000e+01
   8.1360000e+01
   8.1600000e+01
   8.1840000e+01
   8.2080000e+01
   8.2320000e+01
   8.2560000e+01
   8.2800000e+01
   8.3040000e+01
   8.3280000e+01
   8.3520000e+01
   8.3760000e+01
   8.4000000e+01
   8.4240000e+01
   8.4480000e+01
   8.4720000e+01
   8.4960000e+01
   8.5200000e+01
   8.5440000e+01
   8.5680000e+01
   8.5920000e+01
   8.6160000e+01
   8.6400000e+01
   8.6640000e+01
   8.6880000e+01
   8.7120000e+01
   8.7360000e+01
   8.7600000e+01
   8.7840000e+01
   8.8080000e+01
   8.8320000e+01
   8.8560000e+01
   8.8800000e+01
   8.9040000e+01
   8.9280000e+01
   8.9520000e+01
   8.9760000e+01
  -9.0000000e+01
  -8.9760000e+01
  -8.9520000e+01
  -8.9280000e+01
  -8.9040000e+01
  -8.8800000e+01
  -8.8560000e+01
  -8.8320000e+01
  -8.8080000e+01
  -8.7840000e+01
  -8.7600000e+01
  -8.7360000e+01
  -8.7120000e+01
  -8.6880000e+01
  -8.6640000e+01
  -8.6400000e+01
  -8.6160000e+01
  -8.5920000e+01
  -8.5680000e+01
  -8.5440000e+01
  -8.5200000e+01
  -8.4960000e+01
  -8.4720000e+01
  -8.4480000e+01
  -8.4240000e+01
  -8.4000000e+01
  -8.3760000e+01
  -8.3520000e+01
  -8.3280000e+01
  -8.3040000e+01
  -8.2800000e+01
  -8.2560000e+01
  -8.2320000e+01
  -8.2080000e+01
  -8.1840000e+01
  -8.1600000e+01
  -8.1360000e+01
  -8.1120000e+01
  -8.0880000e+01
  -8.0640000e+01
  -8.0400000e+01
  -8.0160000e+01
  -7.9920000e+01
  -7.9680000e+01
  -7.9440000e+01
  -7.9200000e+01
  -7.8960000e+01
  -7.8720000e+01
  -7.8480000e+01
  -7.8240000e+01
  -7.8000000e+01
  -7.7760000e+01
  -7.7520000e+01
  -7.7280000e+01
  -7.7040000e+01
  -7.6800000e+01
  -7.6560000e+01
  -7.6320000e+01
  -7.6080000e+01
  -7.5840000e+01
  -7.5600000e+01
  -7.5360000e+01
  -7.5120000e+01
  -7.4880000e+01
  -7.4640000e+01
  -7.4400000e+01
  -7.4160000e+01
  -7.3920000e+01
  -7.3680000e+01
  -7.3440000e+01
  -7.3200000e+01
  -7.2960000e+01
  -7.2720000e+01
  -7.2480000e+01
  -7.2240000e+01
  -7.2000000e+01
  -7.1760000e+01
  -7.1520000e+01
  -7.1280000e+01
  -7.1040000e+01
  -7.0800000e+01
  -7.0560000e+01
  -7.0320000e+01
  -7.0080000e+01
  -6.9840000e+01
  -6.9600000e+01
  -6.9360000e+01
  -6.9120000e+01
  -6.8880000e+01
  -6.8640000e+01
  -6.8400000e+01
  -6.8160000e+01
  -6.7920000e+01
  -6.7680000e+01
  -6.7440000e+01
  -6.7200000e+01
  -6.6960000e+01
  -6.6720000e+01
  -6.6480000e+01
  -6.6240000e+01
  -6.6000000e+01
  -6.5760000e+01
  -6.5520000e+01
  -6.5280000e+01
  -6.5040000e+01
  -6.4800000e+01
  -6.4560000e+01
  -6.4320000e+01
  -6.4080000e+01
  -6.3840000e+01
  -6.3600000e+01
  -6.3360000e+01
  -6.3120000e+01
  -6.2880000e+01
  -6.2640000e+01
  -6.2400000e+01
  -6.2160000e+01
  -6.1920000e+01
  -6.1680000e+01
  -6.1440000e+01
  -6.1200000e+01
  -6.0960000e+01
  -6.0720000e+01
  -6.0480000e+01
  -6.0240000e+01
  -6.0000000e+01
  -5.9760000e+01
  -5.9520000e+01
  -5.9280000e+01
  -5.9040000e+01
  -5.8800000e+01
  -5.8560000e+01
  -5.8320000e+01
  -5.8080000e+01
  -5.7840000e+01
  -5.7600000e+01
  -5.7360000e+01
  -5.7120000e+01
  -5.6880000e+01
  -5.6640000e+01
  -5.6400000e+01
  -5.6160000e+01
  -5.5920000e+01
  -5.5680000e+01
  -5.5440000e+01
  -5.5200000e+01
  -5.4960000e+01
  -5.4720000e+01
  -5.4480000e+01
  -5.4240000e+01
  -5.4000000e+01
  -5.3760000e+01
  -5.3520000e+01
  -5.3280000e+01
  -5.3040000e+01
  -5.2800000e+01
  -5.2560000e+01
  -5.2320000e+01
  -5.2080000e+01
  -5.1840000e+01
  -5.1600000e+01
  -5.1360000e+01
  -5.1120000e+01
  -5.0880000e+01
  -5.0640000e+01
  -5.0400000e+01
  -5.0160000e+01
  -4.9920000e+01
  -4.9680000e+01
  -4.9440000e+01
  -4.9200000e+01
  -4.8960000e+01
  -4.8720000e+01
  -4.8480000e+01
  -4.8240000e+01
  -4.8000000e+01
  -4.7760000e+01
  -4.7520000e+01
  -4.7280000e+01
  -4.7040000e+01
  -4.6800000e+01
  -4.6560000e+01
  -4.6320000e+01
  -4.6080000e+01
  -4.5840000e+01
  -4.5600000e+01
  -4.5360000e+01
  -4.5120000e+01
  -4.4880000e+01
  -4.4640000e+01
  -4.4400000e+01
  -4.4160000e+01
  -4.3920000e+01
  -4.3680000e+01
  -4.3440000e+01
  -4.3200000e+01
  -4.2960000e+01
  -4.2720000e+01
  -4.2480000e+01
  -4.2240000e+01
  -4.2000000e+01
  -4.1760000e+01
  -4.1520000e+01
  -4.1280000e+01
  -4.1040000e+01
  -4.0800000e+01
  -4.0560000e+01
  -4.0320000e+01
  -4.0080000e+01
  -3.9840000e+01
  -3.9600000e+01
  -3.9360000e+01
  -3.9120000e+01
  -3.8880000e+01
  -3.8640000e+01
  -3.8400000e+01
  -3.8160000e+01
  -3.7920000e+01
  -3.7680000e+01
  -3.7440000e+01
  -3.7200000e+01
  -3.6960000e+01
  -3.6720000e+01
  -3.6480000e+01
  -3.6240000e+01
  -3.6000000e+01
  -3.5760000e+01
  -3.5520000e+01
  -3.5280000e+01
  -3.5040000e+01
  -3.4800000e+01
  -3.4560000e+01
  -3.4320000e+01
  -3.4080000e+01
  -3.3840000e+01
  -3.3600000e+01
  -3.3360000e+01
  -3.3120000e+01
  -3.2880000e+01
  -3.2640000e+01
  -3.2400000e+01
  -3.2160000e+01
  -3.1920000e+01
  -3.1680000e+01
  -3.1440000e+01
  -3.1200000e+01
  -3.0960000e+01
  -3.0720000e+01
  -3.0480000e+01
  -3.0240000e+01
  -3.0000000e+01
  -2.9760000e+01
  -2.9520000e+01
  -2.9280000e+01
  -2.9040000e+01
  -2.8800000e+01
  -2.8560000e+01
  -2.8320000e+01
  -2.8080000e+01
  -2.7840000e+01
  -2.7600000e+01
  -2.7360000e+01
  -2.7120000e+01
  -2.6880000e+01
  -2.6640000e+01
  -2.6400000e+01
  -2.6160000e+01
  -2.5920000e+01
  -2.5680000e+01
  -2.5440000e+01
  -2.5200000e+01
  -2.4960000e+01
  -2.4720000e+01
  -2.4480000e+01
  -2.4240000e+01
  -2.4000000e+01
  -2.3760000e+01
  -2.3520000e+01
  -2.3280000e+01
  -2.3040000e+01
  -2.2800000e+01
  -2.2560000e+01
  -2.2320000e+01
  -2.2080000e+01
  -2.1840000e+01
  -2.1600000e+01
  -2.1360000e+01
  -2.1120000e+01
  -2.0880000e+01
  -2.0640000e+01
  -2.0400000e+01
  -2.0160000e+01
  -1.9920000e+01
  -1.9680000e+01
  -1.9440000e+01
  -1.9200000e+01
  -1.8960000e+01
  -1.8720000e+01
  -1.8480000e+01
  -1.8240000e+01
  -1.8000000e+01
  -1.7760000e+01
  -1.7520000e+01
  -1.7280000e+01
  -1.7040000e+01
  -1.6800000e+01
  -1.6560000e+01
  -1.6320000e+01
  -1.6080000e+01
  -1.5840000e+01
  -1.5600000e+01
  -1.5360000e+01
  -1.5120000e+01
  -1.4880000e+01
  -1.4640000e+01
  -1.4400000e+01
  -1.4160000e+01
  -1.3920000e+01
  -1.3680000e+01
  -1.3440000e+01
  -1.3200000e+01
  -1.2960000e+01
  -1.2720000e+01
  -1.2480000e+01
  -1.2240000e+01
  -1.2000000e+01
  -1.1760000e+01
  -1.1520000e+01
  -1.1280000e+01
  -1.1040000e+01
  -1.0800000e+01
  -1.0560000e+01
  -1.0320000e+01
  -1.0080000e+01
  -9.8400000e+00
  -9.6000000e+00
  -9.3600000e+00
  -9.1200000e+00
  -8.8800000e+00
  -8.6400000e+00
  -8.4000000e+00
  -8.1600000e+00
  -7.9200000e+00
  -7.6800000e+00
  -7.4400000e+00
  -7.2000000e+00
  -6.9600000e+00
  -6.7200000e+00
  -6.4800000e+00
  -6.2400000e+00
  -6.0000000e+00
  -5.7600000e+00
  -5.5200000e+00
  -5.2800000e+00
  -5.0400000e+00
  -4.8000000e+00
  -4.5600000e+00
  -4.3200000e+00
  -4.0800000e+00
  -3.8400000e+00
  -3.6000000e+00
  -3.3600000e+00
  -3.1200000e+00
  -2.8800000e+00
  -2.6400000e+00
  -2.4000000e+00
  -2.1600000e+00
  -1.9200000e+00
  -1.6800000e+00
  -1.4400000e+00
  -1.2000000e+00
  -9.6000000e-01
  -7.2000000e-01
  -4.8000000e-01
  -2.4000000e-01
   0.0000000e+00
   2.4000000e-01
   4.8000000e-01
   7.2000000e-01
   9.6000000e-01
   1.2000000e+00
   1.4400000e+00
   1.6800000e+00
   1.9200000e+00
   2.1600000e+00
   2.4000000e+00
   2.6400000e+00
   2.8800000e+00
   3.1200000e+00
   3.3600000e+00
   3.6000000e+00
   3.8400000e+00
   4.0800000e+00
   4.3200000e+00
   4.5600000e+00
   4.8000000e+00
   5.0400000e+00
   5.2800000e+00
   5.5200000e+00
   5.7600000e+00
   6.0000000e+00
   6.2400000e+00
   6.4800000e+00
   6.7200000e+00
   6.9600000e+00
   7.2000000e+00
   7.4400000e+00
   7.6800000e+00
   7.9200000e+00
   8.1600000e+00
   8.4000000e+00
   8.6400000e+00
   8.8800000e+00
   9.1200000e+00
   9.3600000e+00
   9.6000000e+00
   9.8400000e+00
   1.0080000e+01
   1.0320000e+01
   1.0560000e+01
   1.0800000e+01
   1.1040000e+01
   1.1280000e+01
   1.1520000e+01
   1.1760000e+01
   1.2000000e+01
   1.2240000e+01
   1.2480000e+01
   1.2720000e+01
   1.2960000e+01
   1.3200000e+01
   1.3440000e+01
   1.3680000e+01
   1.3920000e+01
   1.4160000e+01
   1.4400000e+01
   1.4640000e+01
   1.4880000e+01
   1.5120000e+01
   1.5360000e+01
   1.5600000e+01
   1.5840000e+01
   1.6080000e+01
   1.6320000e+01
   1.6560000e+01
   1.6800000e+01
   1.7040000e+01
   1.7280000e+01
   1.7520000e+01
   1.7760000e+01
   1.8000000e+01
   1.8240000e+01
   1.8480000e+01
   1.8720000e+01
   1.8960000e+01
   1.9200000e+01
   1.9440000e+01
   1.9680000e+01
   1.9920000e+01
   2.0160000e+01
   2.0400000e+01
   2.0640000e+01
   2.0880000e+01
   2.1120000e+01
   2.1360000e+01
   2.1600000e+01
   2.1840000e+01
   2.2080000e+01
   2.2320000e+01
   2.2560000e+01
   2.2800000e+01
   2.3040000e+01
   2.3280000e+01
   2.3520000e+01
   2.3760000e+01
   2.4000000e+01
   2.4240000e+01
   2.4480000e+01
   2.4720000e+01
   2.4960000e+01
   2.5200000e+01
   2.5440000e+01
   2.5680000e+01
   2.5920000e+01
   2.6160000e+01
   2.6400000e+01
   2.6640000e+01
   2.6880000e+01
   2.7120000e+01
   2.7360000e+01
   2.7600000e+01
   2.7840000e+01
   2.8080000e+01
   2.8320000e+01
   2.8560000e+01
   2.8800000e+01
   2.9040000e+01
   2.9280000e+01
   2.9520000e+01
   2.9760000e+01
   3.0000000e+01
   3.0240000e+01
   3.0480000e+01
   3.0720000e+01
   3.0960000e+01
   3.1200000e+01
   3.1440000e+01
   3.1680000e+01
   3.1920000e+01
   3.2160000e+01
   3.2400000e+01
   3.2640000e+01
   3.2880000e+01
   3.3120000e+01
   3.3360000e+01
   3.3600000e+01
   3.3840000e+01
   3.4080000e+01
   3.4320000e+01
   3.4560000e+01
   3.4800000e+01
   3.5040000e+01
   3.5280000e+01
   3.5520000e+01
   3.5760000e+01
   3.6000000e+01
   3.6240000e+01
   3.6480000e+01
   3.6720000e+01
   3.6960000e+01
   3.7200000e+01
   3.7440000e+01
   3.7680000e+01
   3.7920000e+01
   3.8160000e+01
   3.8400000e+01
   3.8640000e+01
   3.8880000e+01
   3.9120000e+01
   3.9360000e+01
   3.9600000e+01
   3.9840000e+01
   4.0080000e+01
   4.0320000e+01
   4.0560000e+01
   4.0800000e+01
   4.1040000e+01
   4.1280000e+01
   4.1520000e+01
   4.1760000e+01
   4.2000000e+01
   4.2240000e+01
   4.2480000e+01
   4.2720000e+01
   4.2960000e+01
   4.3200000e+01
   4.3440000e+01
   4.3680000e+01
   4.3920000e+01
   4.4160000e+01
   4.4400000e+01
   4.4640000e+01
   4.4880000e+01
   4.5120000e+01
   4.5360000e+01
   4.5600000e+01
   4.5840000e+01
   4.6080000e+01
   4.6320000e+01
   4.6560000e+01
   4.6800000e+01
   4.7040000e+01
   4.7280000e+01
   4.7520000e+01
   4.7760000e+01
   4.8000000e+01
   4.8240000e+01
   4.8480000e+01
   4.8720000e+01
   4.8960000e+01
   4.9200000e+01
   4.9440000e+01
   4.9680000e+01
   4.9920000e+01
   5.0160000e+01
   5.0400000e+01
   5.0640000e+01
   5.0880000e+01
   5.1120000e+01
   5.1360000e+01
   5.1600000e+01
   5.1840000e+01
   5.2080000e+01
   5.2320000e+01
   5.2560000e+01
   5.2800000e+01
   5.3040000e+01
   5.3280000e+01
   5.3520000e+01
   5.3760000e+01
   5.4000000e+01
   5.4240000e+01
   5.4480000e+01
   5.4720000e+01
   5.4960000e+01
   5.5200000e+01
   5.5440000e+01
   5.5680000e+01
   5.5920000e+01
   5.6160000e+01
   5.6400000e+01
   5.6640000e+01
   5.6880000e+01
   5.7120000e+01
   5.7360000e+01
   5.7600000e+01
   5.7840000e+01
   5.8080000e+01
   5.8320000e+01
   5.8560000e+01
   5.8800000e+01
   5.9040000e+01
   5.9280000e+01
   5.9520000e+01
   5.9760000e+01
   6.0000000e+01
   6.0240000e+01
   6.0480000e+01
   6.0720000e+01
   6.0960000e+01
   6.1200000e+01
   6.1440000e+01
   6.1680000e+01
   6.1920000e+01
   6.2160000e+01
   6.2400000e+01
   6.2640000e+01
   6.2880000e+01
   6.3120000e+01
   6.3360000e+01
   6.3600000e+01
   6.3840000e+01
   6.4080000e+01
   6.4320000e+01
   6.4560000e+01
   6.4800000e+01
   6.5040000e+01
   6.5280000e+01
   6.5520000e+01
   6.5760000e+01
   6.6000000e+01
   6.6240000e+01
   6.6480000e+01
   6.6720000e+01
   6.6960000e+01
   6.7200000e+01
   6.7440000e+01
   6.7680000e+01
   6.7920000e+01
   6.8160000e+01
   6.8400000e+01
   6.8640000e+01
   6.8880000e+01
   6.9120000e+01
   6.9360000e+01
   6.9600000e+01
   6.9840000e+01
   7.0080000e+01
   7.0320000e+01
   7.0560000e+01
   7.0800000e+01
   7.1040000e+01
   7.1280000e+01
   7.1520000e+01
   7.1760000e+01
   7.2000000e+01
   7.2240000e+01
   7.2480000e+01
   7.2720000e+01
   7.2960000e+01
   7.3200000e+01
   7.3440000e+01
   7.3680000e+01
   7.3920000e+01
   7.4160000e+01
   7.4400000e+01
   7.4640000e+01
   7.4880000e+01
   7.5120000e+01
   7.5360000e+01
   7.5600000e+01
   7.5840000e+01
   7.6080000e+01
   7.6320000e+01
   7.6560000e+01
   7.6800000e+01
   7.7040000e+01
   7.7280000e+01
   7.7520000e+01
   7.7760000e+01
   7.8000000e+01
   7.8240000e+01
   7.8480000e+01
   7.8720000e+01
   7.8960000e+01
   7.9200000e+01
   7.9440000e+01
   7.9680000e+01
   7.9920000e+01
   8.0160000e+01
   8.0400000e+01
   8.0640000e+01
   8.0880000e+01
   8.1120000e+01
   8.1360000e+01
   8.1600000e+01
   8.1840000e+01
   8.2080000e+01
   8.2320000e+01
   8.2560000e+01
   8.2800000e+01
   8.3040000e+01
   8.3280000e+01
   8.3520000e+01
   8.3760000e+01
   8.4000000e+01
   8.4240000e+01
   8.4480000e+01
   8.4720000e+01
   8.4960000e+01
   8.5200000e+01
   8.5440000e+01
   8.5680000e+01
   8.5920000e+01
   8.6160000e+01
   8.6400000e+01
   8.6640000e+01
   8.6880000e+01
   8.7120000e+01
   8.7360000e+01
   8.7600000e+01
   8.7840000e+01
   8.8080000e+01
   8.8320000e+01
   8.8560000e+01
   8.8800000e+01
   8.9040000e+01
   8.9280000e+01
   8.9520000e+01
   8.9760000e+01
  -9.0000000e+01
  -8.9760000e+01
  -8.9520000e+01
  -8.9280000e+01
  -8.9040000e+01
  -8.8800000e+01
  -8.8560000e+01
  -8.8320000e+01
  -8.8080000e+01
  -8.7840000e+01
  -8.7600000e+01
  -8.7360000e+01
  -8.7120000e+01
  -8.6880000e+01
  -8.6640000e+01
  -8.6400000e+01
  -8.6160000e+01
  -8.5920000e+01
  -8.5680000e+01
  -8.5440000e+01
  -8.5200000e+01
  -8.4960000e+01
  -8.4720000e+01
  -8.4480000e+01
  -8.4240000e+01
  -8.4000000e+01
  -8.3760000e+01
  -8.3520000e+01
  -8.3280000e+01
  -8.3040000e+01
  -8.2800000e+01
  -8.2560000e+01
  -8.2320000e+01
  -8.2080000e+01
  -8.1840000e+01
  -8.1600000e+01
  -8.1360000e+01
  -8.1120000e+01
  -8.0880000e+01
  -8.0640000e+01
  -8.0400000e+01
  -8.0160000e+01
  -7.9920000e+01
  -7.9680000e+01
  -7.9440000e+01
  -7.9200000e+01
  -7.8960000e+01
  -7.8720000e+01
  -7.8480000e+01
  -7.8240000e+01
  -7.8000000e+01
  -7.7760000e+01
  -7.7520000e+01
  -7.7280000e+01
  -7.7040000e+01
  -7.6800000e+01
  -7.6560000e+01
  -7.6320000e+01
  -7.6080000e+01
  -7.5840000e+01
  -7.5600000e+01
  -7.5360000e+01
  -7.5120000e+01
  -7.4880000e+01
  -7.4640000e+01
  -7.4400000e+01
  -7.4160000e+01
  -7.3920000e+01
  -7.3680000e+01
  -7.3440000e+01
  -7.3200000e+01
  -7.2960000e+01
  -7.2720000e+01
  -7.2480000e+01
  -7.2240000e+01
  -7.2000000e+01
  -7.1760000e+01
  -7.1520000e+01
  -7.1280000e+01
  -7.1040000e+01
  -7.0800000e+01
  -7.0560000e+01
  -7.0320000e+01
  -7.0080000e+01
  -6.9840000e+01
  -6.9600000e+01
  -6.9360000e+01
  -6.9120000e+01
  -6.8880000e+01
  -6.8640000e+01
  -6.8400000e+01
  -6.8160000e+01
  -6.7920000e+01
  -6.7680000e+01
  -6.7440000e+01
  -6.7200000e+01
  -6.6960000e+01
  -6.6720000e+01
  -6.6480000e+01
  -6.6240000e+01
  -6.6000000e+01
  -6.5760000e+01
  -6.5520000e+01
  -6.5280000e+01
  -6.5040000e+01
  -6.4800000e+01
  -6.4560000e+01
  -6.4320000e+01
  -6.4080000e+01
  -6.3840000e+01
  -6.3600000e+01
  -6.3360000e+01
  -6.3120000e+01
  -6.2880000e+01
  -6.2640000e+01
  -6.2400000e+01
  -6.2160000e+01
  -6.1920000e+01
  -6.1680000e+01
  -6.1440000e+01
  -6.1200000e+01
  -6.0960000e+01
  -6.0720000e+01
  -6.0480000e+01
  -6.0240000e+01
  -6.0000000e+01
  -5.9760000e+01
  -5.9520000e+01
  -5.9280000e+01
  -5.9040000e+01
  -5.8800000e+01
  -5.8560000e+01
  -5.8320000e+01
  -5.8080000e+01
  -5.7840000e+01
  -5.7600000e+01
  -5.7360000e+01
  -5.7120000e+01
  -5.6880000e+01
  -5.6640000e+01
  -5.6400000e+01
  -5.6160000e+01
  -5.5920000e+01
  -5.5680000e+01
  -5.5440000e+01
  -5.5200000e+01
  -5.4960000e+01
  -5.4720000e+01
  -5.4480000e+01
  -5.4240000e+01
  -5.4000000e+01
  -5.3760000e+01
  -5.3520000e+01
  -5.3280000e+01
  -5.3040000e+01
  -5.2800000e+01
  -5.2560000e+01
  -5.2320000e+01
  -5.2080000e+01
  -5.1840000e+01
  -5.1600000e+01
  -5.1360000e+01
  -5.1120000e+01
  -5.0880000e+01
  -5.0640000e+01
  -5.0400000e+01
  -5.0160000e+01
  -4.9920000e+01
  -4.9680000e+01
  -4.9440000e+01
  -4.9200000e+01
  -4.8960000e+01
  -4.8720000e+01
  -4.8480000e+01
  -4.8240000e+01
  -4.8000000e+01
  -4.7760000e+01
  -4.7520000e+01
  -4.7280000e+01
  -4.7040000e+01
  -4.6800000e+01
  -4.6560000e+01
  -4.6320000e+01
  -4.6080000e+01
  -4.5840000e+01
  -4.5600000e+01
  -4.5360000e+01
  -4.5120000e+01
  -4.4880000e+01
  -4.4640000e+01
  -4.4400000e+01
  -4.4160000e+01
  -4.3920000e+01
  -4.3680000e+01
  -4.3440000e+01
  -4.3200000e+01
  -4.2960000e+01
  -4.2720000e+01
  -4.2480000e+01
  -4.2240000e+01
  -4.2000000e+01
  -4.1760000e+01
  -4.1520000e+01
  -4.1280000e+01
  -4.1040000e+01
  -4.0800000e+01
  -4.0560000e+01
  -4.0320000e+01
  -4.0080000e+01
  -3.9840000e+01
  -3.9600000e+01
  -3.9360000e+01
  -3.9120000e+01
  -3.8880000e+01
  -3.8640000e+01
  -3.8400000e+01
  -3.8160000e+01
  -3.7920000e+01
  -3.7680000e+01
  -3.7440000e+01
  -3.7200000e+01
  -3.6960000e+01
  -3.6720000e+01
  -3.6480000e+01
  -3.6240000e+01
  -3.6000000e+01
  -3.5760000e+01
  -3.5520000e+01
  -3.5280000e+01
  -3.5040000e+01
  -3.4800000e+01
  -3.4560000e+01
  -3.4320000e+01
  -3.4080000e+01
  -3.3840000e+01
  -3.3600000e+01
  -3.3360000e+01
  -3.3120000e+01
  -3.2880000e+01
  -3.2640000e+01
  -3.2400000e+01
  -3.2160000e+01
  -3.1920000e+01
  -3.1680000e+01
  -3.1440000e+01
  -3.1200000e+01
  -3.0960000e+01
  -3.0720000e+01
  -3.0480000e+01
  -3.0240000e+01
  -3.0000000e+01
  -2.9760000e+01
  -2.9520000e+01
  -2.9280000e+01
  -2.9040000e+01
  -2.8800000e+01
  -2.8560000e+01
  -2.8320000e+01
  -2.8080000e+01
  -2.7840000e+01
  -2.7600000e+01
  -2.7360000e+01
  -2.7120000e+01
  -2.6880000e+01
  -2.6640000e+01
  -2.6400000e+01
  -2.6160000e+01
  -2.5920000e+01
  -2.5680000e+01
  -2.5440000e+01
  -2.5200000e+01
  -2.4960000e+01
  -2.4720000e+01
  -2.4480000e+01
  -2.4240000e+01
  -2.4000000e+01
  -2.3760000e+01
  -2.3520000e+01
  -2.3280000e+01
  -2.3040000e+01
  -2.2800000e+01
  -2.2560000e+01
  -2.2320000e+01
  -2.2080000e+01
  -2.1840000e+01
  -2.1600000e+01
  -2.1360000e+01
  -2.1120000e+01
  -2.0880000e+01
  -2.0640000e+01
  -2.0400000e+01
  -2.0160000e+01
  -1.9920000e+01
  -1.9680000e+01
  -1.9440000e+01
  -1.9200000e+01
  -1.8960000e+01
  -1.8720000e+01
  -1.8480000e+01
  -1.8240000e+01
  -1.8000000e+01
  -1.7760000e+01
  -1.7520000e+01
  -1.7280000e+01
  -1.7040000e+01
  -1.6800000e+01
  -1.6560000e+01
  -1.6320000e+01
  -1.6080000e+01
  -1.5840000e+01
  -1.5600000e+01
  -1.5360000e+01
  -1.5120000e+01
  -1.4880000e+01
  -1.4640000e+01
  -1.4400000e+01
  -1.4160000e+01
  -1.3920000e+01
  -1.3680000e+01
  -1.3440000e+01
  -1.3200000e+01
  -1.2960000e+01
  -1.2720000e+01
  -1.2480000e+01
  -1.2240000e+01
  -1.2000000e+01
  -1.1760000e+01
  -1.1520000e+01
  -1.1280000e+01
  -1.1040000e+01
  -1.0800000e+01
  -1.0560000e+01
  -1.0320000e+01
  -1.0080000e+01
  -9.8400000e+00
  -9.6000000e+00
  -9.3600000e+00
  -9.1200000e+00
  -8.8800000e+00
  -8.6400000e+00
  -8.4000000e+00
  -8.1600000e+00
  -7.9200000e+00
  -7.6800000e+00
  -7.4400000e+00
  -7.2000000e+00
  -6.9600000e+00
  -6.7200000e+00
  -6.4800000e+00
  -6.2400000e+00
  -6.0000000e+00
  -5.7600000e+00
  -5.5200000e+00
  -5.2800000e+00
  -5.0400000e+00
  -4.8000000e+00
  -4.5600000e+00
  -4.3200000e+00
  -4.0800000e+00
  -3.8400000e+00
  -3.6000000e+00
  -3.3600000e+00
  -3.1200000e+00
  -2.8800000e+00
  -2.6400000e+00
  -2.4000000e+00
  -2.1600000e+00
  -1.9200000e+00
  -1.6800000e+00
  -1.4400000e+00
  -1.2000000e+00
  -9.6000000e-01
  -7.2000000e-01
  -4.8000000e-01
  -2.4000000e-01
  -9.9920072e-14
   2.4000000e-01
   4.8000000e-01
   7.2000000e-01
   9.6000000e-01
   1.2000000e+00
   1.4400000e+00
   1.6800000e+00
   1.9200000e+00
   2.1600000e+00
   2.4000000e+00
   2.6400000e+00
   2.8800000e+00
   3.1200000e+00
   3.3600000e+00
   3.6000000e+00
   3.8400000e+00
   4.0800000e+00
   4.3200000e+00
   4.5600000e+00
   4.8000000e+00
   5.0400000e+00
   5.2800000e+00
   5.5200000e+00
   5.7600000e+00
   6.0000000e+00
   6.2400000e+00
   6.4800000e+00
   6.7200000e+00
   6.9600000e+00
   7.2000000e+00
   7.4400000e+00
   7.6800000e+00
   7.9200000e+00
   8.1600000e+00
   8.4000000e+00
   8.6400000e+00
   8.8800000e+00
   9.1200000e+00
   9.3600000e+00
   9.6000000e+00
   9.8400000e+00
   1.0080000e+01
   1.0320000e+01
   1.0560000e+01
   1.0800000e+01
   1.1040000e+01
   1.1280000e+01
   1.1520000e+01
   1.1760000e+01
   1.2000000e+01
   1.2240000e+01
   1.2480000e+01
   1.2720000e+01
   1.2960000e+01
   1.3200000e+01
   1.3440000e+01
   1.3680000e+01
   1.3920000e+01
   1.4160000e+01
   1.4400000e+01
   1.4640000e+01
   1.4880000e+01
   1.5120000e+01
   1.5360000e+01
   1.5600000e+01
   1.5840000e+01
   1.6080000e+01
   1.6320000e+01
   1.6560000e+01
   1.6800000e+01
   1.7040000e+01
   1.7280000e+01
   1.7520000e+01
   1.7760000e+01
   1.8000000e+01
   1.8240000e+01
   1.8480000e+01
   1.8720000e+01
   1.8960000e+01
   1.9200000e+01
   1.9440000e+01
   1.9680000e+01
   1.9920000e+01
   2.0160000e+01
   2.0400000e+01
   2.0640000e+01
   2.0880000e+01
   2.1120000e+01
   2.1360000e+01
   2.1600000e+01
   2.1840000e+01
   2.2080000e+01
   2.2320000e+01
   2.2560000e+01
   2.2800000e+01
   2.3040000e+01
   2.3280000e+01
   2.3520000e+01
   2.3760000e+01
   2.4000000e+01
   2.4240000e+01
   2.4480000e+01
   2.4720000e+01
   2.4960000e+01
   2.5200000e+01
   2.5440000e+01
   2.5680000e+01
   2.5920000e+01
   2.6160000e+01
   2.6400000e+01
   2.6640000e+01
   2.6880000e+01
   2.7120000e+01
   2.7360000e+01
   2.7600000e+01
   2.7840000e+01
   2.8080000e+01
   2.8320000e+01
   2.8560000e+01
   2.8800000e+01
   2.9040000e+01
   2.9280000e+01
   2.9520000e+01
   2.9760000e+01
   3.0000000e+01
   3.0240000e+01
   3.0480000e+01
   3.0720000e+01
   3.0960000e+01
   3.1200000e+01
   3.1440000e+01
   3.1680000e+01
   3.1920000e+01
   3.2160000e+01
   3.2400000e+01
   3.2640000e+01
   3.2880000e+01
   3.3120000e+01
   3.3360000e+01
   3.3600000e+01
   3.3840000e+01
   3.4080000e+01
   3.4320000e+01
   3.4560000e+01
   3.4800000e+01
   3.5040000e+01
   3.5280000e+01
   3.5520000e+01
   3.5760000e+01
   3.6000000e+01
   3.6240000e+01
   3.6480000e+01
   3.6720000e+01
   3.6960000e+01
   3.7200000e+01
   3.7440000e+01
   3.7680000e+01
   3.7920000e+01
   3.8160000e+01
   3.8400000e+01
   3.8640000e+01
   3.8880000e+01
   3.9120000e+01
   3.9360000e+01
   3.9600000e+01
   3.9840000e+01
   4.0080000e+01
   4.0320000e+01
   4.0560000e+01
   4.0800000e+01
   4.1040000e+01
   4.1280000e+01
   4.1520000e+01
   4.1760000e+01
   4.2000000e+01
   4.2240000e+01
   4.2480000e+01
   4.2720000e+01
   4.2960000e+01
   4.3200000e+01
   4.3440000e+01
   4.3680000e+01
   4.3920000e+01
   4.4160000e+01
   4.4400000e+01
   4.4640000e+01
   4.4880000e+01
   4.5120000e+01
   4.5360000e+01
   4.5600000e+01
   4.5840000e+01
   4.6080000e+01
   4.6320000e+01
   4.6560000e+01
   4.6800000e+01
   4.7040000e+01
   4.7280000e+01
   4.7520000e+01
   4.7760000e+01
   4.8000000e+01
   4.8240000e+01
   4.8480000e+01
   4.8720000e+01
   4.8960000e+01
   4.9200000e+01
   4.9440000e+01
   4.9680000e+01
   4.9920000e+01
   5.0160000e+01
   5.0400000e+01
   5.0640000e+01
   5.0880000e+01
   5.1120000e+01
   5.1360000e+01
   5.1600000e+01
   5.1840000e+01
   5.2080000e+01
   5.2320000e+01
   5.2560000e+01
   5.2800000e+01
   5.3040000e+01
   5.3280000e+01
   5.3520000e+01
   5.3760000e+01
   5.4000000e+01
   5.4240000e+01
   5.4480000e+01
   5.4720000e+01
   5.4960000e+01
   5.5200000e+01
   5.5440000e+01
   5.5680000e+01
   5.5920000e+01
   5.6160000e+01
   5.6400000e+01
   5.6640000e+01
   5.6880000e+01
   5.7120000e+01
   5.7360000e+01
   5.7600000e+01
   5.7840000e+01
   5.8080000e+01
   5.8320000e+01
   5.8560000e+01
   5.8800000e+01
   5.9040000e+01
   5.9280000e+01
   5.9520000e+01
   5.9760000e+01
   6.0000000e+01
   6.0240000e+01
   6.0480000e+01
   6.0720000e+01
   6.0960000e+01
   6.1200000e+01
   6.1440000e+01
   6.1680000e+01
   6.1920000e+01
   6.2160000e+01
   6.2400000e+01
   6.2640000e+01
   6.2880000e+01
   6.3120000e+01
   6.3360000e+01
   6.3600000e+01
   6.3840000e+01
   6.4080000e+01
   6.4320000e+01
   6.4560000e+01
   6.4800000e+01
   6.5040000e+01
   6.5280000e+01
   6.5520000e+01
   6.5760000e+01
   6.6000000e+01
   6.6240000e+01
   6.6480000e+01
   6.6720000e+01
   6.6960000e+01
   6.7200000e+01
   6.7440000e+01
   6.7680000e+01
   6.7920000e+01
   6.8160000e+01
   6.8400000e+01
   6.8640000e+01
   6.8880000e+01
   6.9120000e+01
   6.9360000e+01
   6.9600000e+01
   6.9840000e+01
   7.0080000e+01
   7.0320000e+01
   7.0560000e+01
   7.0800000e+01
   7.1040000e+01
   7.1280000e+01
   7.1520000e+01
   7.1760000e+01
   7.2000000e+01
   7.2240000e+01
   7.2480000e+01
   7.2720000e+01
   7.2960000e+01
   7.3200000e+01
   7.3440000e+01
   7.3680000e+01
   7.3920000e+01
   7.4160000e+01
   7.4400000e+01
   7.4640000e+01
   7.4880000e+01
   7.5120000e+01
   7.5360000e+01
   7.5600000e+01
   7.5840000e+01
   7.6080000e+01
   7.6320000e+01
   7.6560000e+01
   7.6800000e+01
   7.7040000e+01
   7.7280000e+01
   7.7520000e+01
   7.7760000e+01
   7.8000000e+01
   7.8240000e+01
   7.8480000e+01
   7.8720000e+01
   7.8960000e+01
   7.9200000e+01
   7.9440000e+01
   7.9680000e+01
   7.9920000e+01
   8.0160000e+01
   8.0400000e+01
   8.0640000e+01
   8.0880000e+01
   8.1120000e+01
   8.1360000e+01
   8.1600000e+01
   8.1840000e+01
   8.2080000e+01
   8.2320000e+01
   8.2560000e+01
   8.2800000e+01
   8.3040000e+01
   8.3280000e+01
   8.3520000e+01
   8.3760000e+01
   8.4000000e+01
   8.4240000e+01
   8.4480000e+01
   8.4720000e+01
   8.4960000e+01
   8.5200000e+01
   8.5440000e+01
   8.5680000e+01
   8.5920000e+01
   8.6160000e+01
   8.6400000e+01
   8.6640000e+01
   8.6880000e+01
   8.7120000e+01
   8.7360000e+01
   8.7600000e+01
   8.7840000e+01
   8.8080000e+01
   8.8320000e+01
   8.8560000e+01
   8.8800000e+01
   8.9040000e+01
   8.9280000e+01
   8.9520000e+01
   8.9760000e+01
  -9.0000000e+01
