0.006667	115.000004	0.419013
0.013333	115.000004	1.778252
0.020000	115.000004	5.355196
0.026667	115.000004	10.536655
0.033333	115.000004	15.605696
0.040000	115.000004	19.846930
0.046667	115.000004	24.047284
0.053333	115.000004	28.176100
0.060000	115.000004	32.028980
0.066667	115.000004	36.055595
0.073333	115.000004	39.918696
0.080000	115.000004	43.383220
0.086667	115.000004	47.031706
0.093333	115.000004	50.567770
0.100000	115.000004	53.735919
0.106667	115.000004	57.057368
0.113333	115.000004	60.276618
0.120000	115.000004	63.158609
0.126667	115.000004	66.183686
0.133333	115.000004	69.106556
0.140000	115.000004	71.753500
0.146667	115.000004	74.410656
0.153333	115.000004	77.016714
0.160000	115.000004	79.418380
0.166667	115.000004	81.871142
0.173333	115.000004	84.160382
0.180000	115.000004	86.286108
0.186667	115.000004	88.575355
0.193333	115.000004	90.782838
0.200000	115.000004	92.704170
0.206667	115.000004	94.717478
0.213333	115.000004	96.669470
0.220000	115.000004	98.406838
0.226667	115.000004	100.236188
0.233333	115.000004	102.004224
0.240000	115.000004	103.537198
0.246667	115.000004	105.151937
0.253333	115.000004	106.736008
0.260000	115.000004	108.105468
0.266667	115.000004	109.556685
0.273333	115.000004	110.977241
0.280000	115.000004	112.183187
0.286667	115.000004	113.470882
0.293333	115.000004	114.727931
0.300000	115.000004	115.790790
0.306667	115.000004	116.914971
0.313333	115.000004	118.028934
0.320000	115.000004	118.979382
0.326667	115.000004	119.909380
0.333333	115.000004	120.941586
0.340000	115.000004	121.881816
0.346666	115.000004	122.678967
0.353333	115.000004	123.384130
0.360000	115.000004	124.140396
0.366666	115.000004	0.163517
0.373333	115.000004	2.258585
0.380000	115.000004	6.356741
0.386666	115.000004	12.274028
0.393333	115.000004	18.416152
0.400000	115.000004	23.720248
0.406666	115.000004	28.850610
0.413333	115.000004	33.684594
0.420000	115.000004	38.395939
0.426666	115.000004	43.403660
0.433333	115.000004	47.961711
0.440000	115.000004	52.070084
0.446666	115.000004	56.444178
0.453333	115.000004	60.716072
0.460000	115.000004	64.487190
0.466666	115.000004	68.421830
0.473333	115.000004	72.213391
0.480000	115.000004	75.637037
0.486666	115.000004	79.193544
0.493333	115.000004	82.617190
0.500000	115.000004	85.672921
0.506666	115.000004	88.871730
0.513333	-115.000004	91.937679
0.520000	-115.000004	93.470661
0.526666	-115.000004	92.653073
0.533333	-115.000004	90.098111
0.540000	-115.000004	86.347429
0.546666	-115.000004	81.360148
0.553333	-115.000004	75.739237
0.560000	-115.000004	69.729968
0.566666	-115.000004	62.913337
0.573333	-115.000004	56.362417
0.580000	-115.000004	50.465570
0.586666	-115.000004	44.405204
0.593333	-115.000004	38.600336
0.600000	-115.000004	33.234918
0.606666	-115.000004	27.614007
0.613333	-115.000004	22.187274
0.620000	-115.000004	17.271530
0.626666	-115.000004	12.069632
0.633333	-115.000004	7.092569
0.640000	-115.000004	2.534520
0.646666	-115.000004	-3.137491
0.653333	-115.000004	-7.429823
0.660000	-115.000004	-11.272484
0.666666	-115.000004	-15.646575
0.673333	-115.000004	-19.990007
0.680000	-115.000004	-23.904206
0.686666	-115.000004	-27.889944
0.693333	-115.000004	-31.691723
0.700000	-115.000004	-35.156251
0.706666	-115.000004	-38.804733
0.713333	-115.000004	-42.351018
0.719999	-115.000004	-45.549828
0.726666	-115.000004	-48.881495
0.733333	-115.000004	-52.090526
0.739999	-115.000004	-54.982739
0.746666	-115.000004	-58.018031
0.753333	-115.000004	-60.981787
0.759999	-115.000004	-63.628724
0.766666	-115.000004	-66.408522
0.773333	-115.000004	-69.106556
0.779999	-115.000004	-71.487779
0.786666	-115.000004	-74.001862
0.793333	-115.000004	-76.434181
0.799999	-115.000004	-78.611010
0.806666	-115.000004	-80.890033
0.813333	-115.000004	-83.169062
0.819999	-115.000004	-85.223248
0.826666	-115.000004	-87.297877
0.833333	-115.000004	-89.260081
0.839999	-115.000004	-91.007674
0.846666	-115.000004	-92.918788
0.853333	-115.000004	-94.758356
0.859999	-115.000004	-96.332216
0.866666	-115.000004	-97.977609
0.873333	-115.000004	-99.674098
0.879999	-115.000004	-101.217297
0.886666	-115.000004	-102.658296
0.893333	-115.000004	-104.068635
0.899999	-115.000004	-105.499409
0.906666	-115.000004	-106.909748
0.913333	-115.000004	-108.074807
0.919999	-115.000004	-109.178552
0.926666	-115.000004	-110.507133
0.933333	-115.000004	-111.753950
0.939999	-115.000004	-112.724834
0.946666	-115.000004	-113.736604
0.953333	-115.000004	-114.840342
0.959999	-115.000004	-115.831662
0.966666	-115.000004	-116.669699
0.973333	-115.000004	-117.477068
0.979999	-115.000004	-118.376413
0.986666	-115.000004	-119.357515
0.993333	-115.000004	-120.154666
0.999999	-115.000004	-120.757635
1.006666	-115.000004	-121.493465
1.013333	-115.000004	-122.290603
1.019999	115.000004	-122.944675
1.026666	115.000004	-122.055549
1.033333	115.000004	-118.703442
1.039999	115.000004	-113.665064
1.046666	115.000004	-106.940408
1.053333	115.000004	-99.306183
1.059999	115.000004	3.362327
1.066666	115.000004	10.097202
1.073333	115.000004	12.682821
1.079999	115.000004	15.207122
1.086666	115.000004	19.284838
1.093333	115.000004	23.771348
1.099999	115.000004	27.624227
1.106666	115.000004	31.242050
1.113333	115.000004	34.675918
1.119999	115.000004	38.130224
1.126666	115.000004	41.768485
1.133332	115.000004	45.018395
1.139999	115.000004	47.971929
1.146666	115.000004	51.191178
1.153332	115.000004	54.308231
1.159999	115.000004	57.067586
1.166666	115.000004	59.980242
1.173332	115.000004	62.790701
1.179999	115.000004	65.304777
1.186666	115.000004	67.972157
1.193332	115.000004	70.557773
1.199999	115.000004	72.857239
1.206666	115.000004	75.238461
1.213332	115.000004	77.578805
1.219999	115.000004	79.684095
1.226666	115.000004	81.830263
1.233332	115.000004	83.904885
1.239999	115.000004	85.795557
1.246666	115.000004	87.808864
1.253332	115.000004	89.760857
1.259999	115.000004	91.457346
1.266666	115.000004	93.245825
1.273332	115.000004	1.420558
1.279999	115.000004	4.077716
1.286666	115.000004	8.921920
1.293332	115.000004	14.685911
1.299999	115.000004	20.102425
1.306666	115.000004	25.191906
1.313332	115.000004	29.760176
1.319999	115.000004	34.164924
1.326666	115.000004	39.019351
1.333332	115.000004	43.567178
1.339999	115.000004	47.563136
1.346666	115.000004	51.732829
1.353332	115.000004	55.749227
1.359999	115.000004	59.428369
1.366666	115.000004	63.199495
1.373332	115.000004	66.796873
1.379999	115.000004	70.097883
1.386666	115.000004	73.562408
1.393332	115.000004	76.883860
1.399999	115.000004	79.847609
1.406666	115.000004	82.974880
1.413332	115.000004	85.959078
1.419999	115.000004	88.616233
1.426666	115.000004	91.416468
1.433332	115.000004	94.104290
1.439999	115.000004	96.546828
1.446666	115.000004	98.846293
1.453332	115.000004	101.207079
1.459999	115.000004	103.486102
1.466666	115.000004	105.693585
1.473332	115.000004	107.666014
1.479999	115.000004	109.577128
1.486665	115.000004	111.733514
1.493332	115.000004	113.695718
1.499999	115.000004	115.310450
1.506665	115.000004	116.986510
1.513332	115.000004	118.672788
1.519999	-115.000004	120.175102
1.526665	-115.000004	120.451042
1.533332	-115.000004	118.703442
1.539999	-115.000004	115.565954
1.546665	-115.000004	111.089660
1.553332	-115.000004	105.846881
1.559999	-115.000004	100.113552
1.566665	-115.000004	93.511539
1.573332	-115.000004	86.705126
1.579999	-115.000004	79.776070
1.586665	-115.000004	72.192948
1.593332	-115.000004	64.895984
1.599999	-115.000004	58.130449
1.606665	-115.000004	51.099200
1.613332	-115.000004	44.415426
1.619999	-115.000004	38.242642
1.626665	-115.000004	31.804144
1.633332	-115.000004	25.651798
1.639999	-115.000004	19.969568
1.646665	-115.000004	14.062500
1.653332	-115.000004	8.431368
1.659999	-115.000004	3.260129
1.666665	-115.000004	-2.769577
1.673332	-115.000004	-7.756859
1.679999	-115.000004	-12.263808
1.686665	-115.000004	-17.230650
1.693332	-115.000004	-22.085075
1.699999	-115.000004	-26.438727
1.706665	-115.000004	-30.915017
1.713332	-115.000004	-35.186908
1.719999	-115.000004	-39.090887
1.726665	-115.000004	-43.189045
1.733332	-115.000004	-47.113463
1.739999	-115.000004	-50.659749
1.746665	-115.000004	-54.369549
1.753332	-115.000004	-57.936274
1.759999	-115.000004	-61.155526
1.766665	-115.000004	-64.538294
1.773332	-115.000004	-67.757539
1.779999	-115.000004	-70.659974
1.786665	-115.000004	-73.715705
1.793332	-115.000004	-76.638582
1.799999	-115.000004	-79.254858
1.806665	-115.000004	-82.003996
1.813332	-115.000004	-84.661158
1.819999	-115.000004	-87.021938
1.826665	-115.000004	-89.484917
1.833332	-115.000004	-91.866140
1.839998	-115.000004	-93.981648
1.846665	-115.000004	-96.199355
1.853332	-115.000004	-98.335299
1.859998	-115.000004	-100.215753
1.866665	-115.000004	-102.198399
1.873332	-115.000004	-104.170828
1.879998	-115.000004	-105.897985
1.886665	-115.000004	-107.645578
1.893332	-115.000004	-109.403388
1.899998	-115.000004	-110.997684
1.906665	-115.000004	-112.520441
1.913332	-115.000004	-114.022755
1.919998	-115.000004	-115.504632
1.926665	-115.000004	-116.935407
1.933332	-115.000004	-118.110691
1.939998	-115.000004	-119.234872
1.946665	-115.000004	-120.594107
1.953332	-115.000004	-121.840931
1.959998	-115.000004	-122.811815
1.966665	-115.000004	-123.823584
1.973332	-115.000004	-124.927329
1.979998	-115.000004	-125.908431
1.986665	-115.000004	-126.736236
1.993332	-115.000004	-127.512952
1.999998	-115.000004	-128.391847
2.006665	-115.000004	-129.260538
2.013332	-115.000004	-129.904392
2.019998	-115.000004	-130.507361
2.026665	115.000004	-131.294281
2.033332	115.000004	-130.762852
2.039998	115.000004	-127.799096
2.046665	115.000004	-122.678967
2.053332	115.000004	-116.260898
2.059998	115.000004	-108.974152
2.066665	115.000004	-100.389492
2.073332	115.000004	-91.825261
2.079998	115.000004	-83.915110
2.086665	115.000004	-75.882316
2.093332	115.000004	-68.340072
2.099998	115.000004	-61.247502
2.106665	115.000004	-53.735919
2.113332	115.000004	-46.582030
2.119998	115.000004	-40.061774
2.126665	115.000004	-33.214479
2.133332	115.000004	-26.673782
2.139998	115.000004	-20.684956
2.146665	115.000004	-14.430414
2.153332	115.000004	-8.451808
2.159998	115.000004	-2.973973
2.166665	115.000004	3.576944
2.173331	115.000004	8.768622
2.179998	115.000004	13.398210
2.186665	115.000004	18.600109
2.193331	115.000004	23.699809
2.199998	115.000004	28.288518
2.206665	115.000004	33.010082
2.213331	115.000004	37.537473
2.219998	115.000004	41.676506
2.226665	115.000004	45.989279
2.233331	115.000004	50.118094
2.239998	115.000004	53.868776
2.246665	115.000004	57.772759
2.253331	115.000004	61.543877
2.259998	115.000004	64.926644
2.266665	115.000004	68.462709
2.273331	115.000004	71.865919
2.279998	115.000004	74.921650
2.286665	115.000004	78.120459
2.293331	115.000004	81.196626
2.299998	115.000004	83.935546
2.306665	115.000004	86.807319
2.313331	115.000004	89.576900
2.319998	115.000004	92.060322
2.326665	115.000004	94.564181
2.333331	115.000004	96.914743
2.339998	115.000004	99.142668
2.346665	115.000004	101.411473
2.353331	115.000004	103.547423
2.359998	115.000004	105.489191
2.366665	115.000004	107.584256
2.373331	115.000004	109.597564
2.379998	115.000004	111.345156
2.386665	115.000004	113.174507
2.393331	115.000004	114.942535
2.399998	115.000004	116.475516
2.406665	115.000004	118.069819
2.413331	115.000004	119.643672
2.419998	115.000004	121.002907
2.426665	115.000004	122.351924
2.433331	115.000004	123.752045
2.439998	115.000004	125.172601
2.446665	115.000004	126.174153
2.453331	115.000004	127.247230
2.459998	115.000004	128.463386
2.466665	115.000004	129.669338
2.473331	115.000004	130.589119
2.479998	115.000004	131.427142
2.486665	115.000004	132.469566
2.493331	115.000004	133.430232
2.499998	115.000004	134.135408
2.506665	115.000004	134.850788
2.513331	115.000004	135.699043
2.519998	115.000004	136.455309
2.526664	-115.000004	137.017392
2.533331	-115.000004	136.475745
2.539998	-115.000004	134.227383
2.546664	-115.000004	130.446040
2.553331	-115.000004	125.704031
2.559998	-115.000004	120.348835
2.566664	-115.000004	114.063633
2.573331	-115.000004	107.492281
2.579998	-115.000004	100.736964
2.586664	-115.000004	93.307139
2.593331	-115.000004	85.856878
2.599998	-115.000004	78.427053
2.606664	-115.000004	70.455580
2.613331	-115.000004	62.790701
2.619998	-115.000004	55.636809
2.626664	-115.000004	48.196765
2.633331	-115.000004	41.104198
2.639998	-115.000004	34.573717
2.646664	-115.000004	27.767306
2.653331	-115.000004	21.277708
2.659998	-115.000004	15.248001
2.666664	-115.000004	9.095658
2.673331	-115.000004	3.209030
2.679998	-115.000004	-3.188590
2.686664	-115.000004	-8.482467
2.693331	-115.000004	-13.367551
2.699998	-115.000004	-18.344613
2.706664	-115.000004	-23.781568
2.713331	-115.000004	-28.819949
2.719998	-115.000004	-33.296240
2.726664	-115.000004	-37.936045
2.733331	-115.000004	-42.402118
2.739998	-115.000004	-46.479833
2.746664	-115.000004	-50.731285
2.753331	-115.000004	-54.768125
2.759998	-115.000004	-58.437043
2.766664	-115.000004	-62.289925
2.773331	-115.000004	-65.969068
2.779998	-115.000004	-69.290514
2.786664	-115.000004	-72.744820
2.793331	-115.000004	-76.056048
2.799998	-115.000004	-79.040247
2.806664	-115.000004	-82.147074
2.813331	-115.000004	-85.151709
2.819998	-115.000004	-87.849743
2.826664	-115.000004	-90.609105
2.833331	-115.000004	-93.286703
2.839998	-115.000004	-95.688362
2.846664	-115.000004	-98.171784
2.853331	-115.000004	-100.563225
2.859998	-115.000004	-102.699175
2.866664	-115.000004	-104.937319
2.873331	-115.000004	-107.073262
2.879997	-115.000004	-108.953716
2.886664	-115.000004	-110.915927
2.893331	-115.000004	-112.898574
2.899997	-115.000004	-114.687045
2.906664	-115.000004	-116.363105
2.913331	-115.000004	-117.926740
2.919997	-115.000004	-119.531247
2.926664	-115.000004	-121.207308
2.933331	-115.000004	-122.597196
2.939997	-115.000004	-123.874688
2.946664	-115.000004	-125.325898
2.953331	-115.000004	-126.674915
2.959997	-115.000004	-127.748006
2.966664	-115.000004	-128.861969
2.973331	-115.000004	-130.057689
2.979997	-115.000004	-131.130766
2.986664	-115.000004	-132.040329
2.993331	-115.000004	-132.909020
2.999997	-115.000004	-133.869686
3.006664	-115.000004	-134.809916
3.013331	-115.000004	-135.504861
3.019997	-115.000004	-136.158933
3.026664	-115.000004	-136.986738
3.033331	115.000004	-137.732786
3.039997	115.000004	-136.986738
3.046664	115.000004	-133.624414
3.053331	115.000004	-128.463386
3.059997	115.000004	-122.116870
3.066664	115.000004	-113.910336
3.073331	115.000004	-106.051282
3.079997	115.000004	-97.732330
3.086664	115.000004	-88.984148
3.093331	115.000004	-81.094433
3.099997	115.000004	-73.991644
3.106664	115.000004	-66.418740
3.113331	115.000004	-59.070672
3.119997	115.000004	-52.335802
3.126664	115.000004	-45.212574
3.133331	115.000004	-38.528797
3.139997	115.000004	-32.376452
3.146664	115.000004	-25.897075
3.153331	115.000004	-19.683412
3.159997	115.000004	-14.042060
3.166664	115.000004	-8.134993
3.173331	115.000004	-2.473201
3.179997	115.000004	3.280569
3.186664	115.000004	8.390489
3.193331	115.000004	13.173374
3.199997	115.000004	18.007358
3.206664	115.000004	23.158158
3.213331	115.000004	27.818404
3.219997	115.000004	32.008541
3.226664	115.000004	36.495050
3.233330	115.000004	40.848701
3.239997	115.000004	44.762898
3.246664	115.000004	48.850835
3.253330	115.000004	52.754814
3.259997	115.000004	56.290878
3.266664	115.000004	60.021121
3.273330	115.000004	63.598063
3.279997	115.000004	66.807098
3.286664	115.000004	70.159205
3.293330	115.000004	73.378450
3.299997	115.000004	76.280885
3.306664	115.000004	79.316180
3.313330	115.000004	82.249275
3.319997	115.000004	84.855333
3.326664	115.000004	87.563592
3.333330	115.000004	90.190087
3.339997	115.000004	92.540655
3.346664	115.000004	94.952532
3.353330	115.000004	97.282658
3.359997	115.000004	99.377722
3.366664	115.000004	101.595430
3.373330	115.000004	103.721156
3.379997	115.000004	105.570949
3.386664	115.000004	107.502499
3.393330	115.000004	109.393170
3.399997	115.000004	111.059006
3.406664	115.000004	112.714616
3.413330	115.000004	114.268033
3.419997	115.000004	115.719251
3.426664	115.000004	117.231782
3.433330	115.000004	118.672788
3.439997	115.000004	119.940048
3.446664	115.000004	121.309501
3.453330	115.000004	122.648300
3.459997	115.000004	123.752045
3.466664	115.000004	124.917111
3.473330	115.000004	126.071946
3.479997	115.000004	127.042830
3.486664	115.000004	128.013714
3.493330	115.000004	129.066355
3.499997	115.000004	130.027022
3.506664	115.000004	130.844609
3.513330	115.000004	131.560003
3.519997	115.000004	132.306051
3.526664	115.000004	133.225831
3.533330	-115.000004	133.982097
3.539997	-115.000004	133.532425
3.546664	-115.000004	131.202306
3.553330	-115.000004	127.543606
3.559997	-115.000004	122.985561
3.566664	-115.000004	117.354425
3.573330	-115.000004	111.273617
3.579997	-115.000004	104.906658
3.586663	-115.000004	97.773209
3.593330	-115.000004	90.568226
3.599997	-115.000004	83.342795
3.606663	-115.000004	75.504176
3.613330	-115.000004	67.839297
3.619997	-115.000004	60.450357
3.626663	-115.000004	52.816135
3.633330	-115.000004	45.631585
3.639997	-115.000004	38.968251
3.646663	-115.000004	32.008541
3.653330	-115.000004	25.386083
3.659997	-115.000004	19.264398
3.666663	-115.000004	12.907658
3.673330	-115.000004	6.867733
3.679997	-115.000004	1.297920
3.686663	-115.000004	-5.048601
3.693330	-115.000004	-10.414017
3.699997	-115.000004	-15.248001
3.706663	-115.000004	-20.562319
3.713330	-115.000004	-25.723338
3.719997	-115.000004	-30.373366
3.726663	-115.000004	-35.146029
3.733330	-115.000004	-39.683638
3.739997	-115.000004	-43.853335
3.746663	-115.000004	-48.196765
3.753330	-115.000004	-52.366459
3.759997	-115.000004	-56.127363
3.766663	-115.000004	-60.051781
3.773330	-115.000004	-63.822900
3.779997	-115.000004	-67.236328
3.786663	-115.000004	-70.782610
3.793330	-115.000004	-74.175602
3.799997	-115.000004	-77.231333
3.806663	-115.000004	-80.409700
3.813330	-115.000004	-83.485874
3.819997	-115.000004	-86.245229
3.826663	-115.000004	-89.106785
3.833330	-115.000004	-91.845704
3.839997	-115.000004	-94.308684
3.846663	-115.000004	-96.863646
3.853330	-115.000004	-99.316408
3.859997	-115.000004	-101.513673
3.866663	-115.000004	-103.802913
3.873330	-115.000004	-106.010403
3.879997	-115.000004	-107.941953
3.886663	-115.000004	-109.965479
3.893330	-115.000004	-111.999229
3.899997	-115.000004	-113.838797
3.906663	-115.000004	-115.555736
3.913330	-115.000004	-117.180692
3.919997	-115.000004	-118.826085
3.926663	-115.000004	-120.502132
3.933330	-115.000004	-121.922688
3.939996	-115.000004	-123.230833
3.946663	-115.000004	-124.733147
3.953330	-115.000004	-126.123049
3.959996	-115.000004	-127.226794
3.966663	-115.000004	-128.391847
3.973330	-115.000004	-129.628453
3.979996	-115.000004	-130.732198
3.986663	-115.000004	-131.682646
3.993330	-115.000004	-132.581990
3.999996	-115.000004	-133.563092
4.006663	-115.000004	-134.533977
4.013330	-115.000004	-135.269806
4.019997	-115.000004	-135.944315
4.026663	-115.000004	-136.802774
4.033330	-115.000004	-137.589708
4.039997	115.000004	-138.131355
4.046663	115.000004	-137.109381
4.053330	115.000004	-133.624414
4.059997	115.000004	-128.504272
4.066663	115.000004	-121.687634
4.073330	115.000004	-114.012537
4.079997	115.000004	-105.816228
4.086663	115.000004	-96.894307
4.093330	115.000004	-88.708209
4.099997	115.000004	-81.319269
4.106663	115.000004	-73.562408
4.113330	115.000004	-66.061043
4.119997	115.000004	-59.121776
4.126663	115.000004	-51.875908
4.133330	115.000004	-44.946856
4.139997	115.000004	-38.620775
4.146663	115.000004	-31.998320
4.153330	115.000004	-25.641579
4.159997	115.000004	-19.816271
4.166663	115.000004	-13.735465
4.173330	115.000004	-7.930596
4.179996	115.000004	-2.606059
4.186663	115.000004	3.781341
4.193330	115.000004	8.809502
4.199996	115.000004	13.265353
4.206663	115.000004	18.344613
4.213330	115.000004	23.291015
4.219996	115.000004	27.757086
4.226663	115.000004	32.335574
4.233330	115.000004	36.740325
4.239996	115.000004	40.777162
4.246663	115.000004	44.997956
4.253330	115.000004	49.034792
4.259996	115.000004	52.693496
4.266663	115.000004	56.505496
4.273330	115.000004	60.174417
4.279996	115.000004	63.485645
4.286663	115.000004	66.939952
4.293330	115.000004	70.271623
4.299996	115.000004	73.266032
4.306663	115.000004	76.372867
4.313330	115.000004	79.367276
4.319996	115.000004	82.065317
4.326663	115.000004	84.865551
4.333330	115.000004	87.553367
4.339996	115.000004	89.975475
4.346663	115.000004	92.530430
4.353330	115.000004	94.972974
4.359996	115.000004	97.119143
4.366663	115.000004	99.387947
4.373330	115.000004	101.574994
4.379996	115.000004	103.506538
4.386663	115.000004	105.519852
4.393330	115.000004	107.461620
4.399996	115.000004	109.178552
4.406663	115.000004	110.956806
4.413330	115.000004	112.694180
4.419996	115.000004	114.216930
4.426663	115.000004	115.770354
4.433330	115.000004	117.293104
4.439996	115.000004	118.631903
4.446663	115.000004	120.032023
4.453330	115.000004	121.401476
4.459996	115.000004	122.566543
4.466663	115.000004	123.741827
4.473330	115.000004	124.988651
4.479996	115.000004	126.123049
4.486663	115.000004	127.124587
4.493330	115.000004	127.993278
4.499996	115.000004	128.902841
4.506663	115.000004	129.996368
4.513330	115.000004	130.946816
4.519996	115.000004	131.631542
4.526663	115.000004	132.367372
4.533329	115.000004	133.225831
4.539996	-115.000004	133.982097
4.546663	-115.000004	133.511989
4.553329	-115.000004	131.202306
4.559996	-115.000004	127.666249
4.566663	-115.000004	122.832264
4.573329	-115.000004	117.344207
4.579996	-115.000004	111.447357
4.586663	-115.000004	104.692040
4.593329	-115.000004	97.752773
4.599996	-115.000004	90.752177
4.606663	-115.000004	83.087298
4.613329	-115.000004	75.473522
4.619996	-115.000004	67.951715
4.626663	-115.000004	59.888260
4.633329	-115.000004	52.366459
4.639996	-115.000004	45.529389
4.646663	-115.000004	38.385718
4.653329	-115.000004	31.579304
4.659996	-115.000004	25.304324
4.666663	-115.000004	18.743187
4.673329	-115.000004	12.488645
4.679996	-115.000004	6.765534
4.686663	-115.000004	0.776708
4.693329	-115.000004	-5.580033
4.699996	-115.000004	-10.618414
4.706663	-115.000004	-15.779433
4.713329	-115.000004	-20.971112
4.719996	-115.000004	-25.866415
4.726663	-115.000004	-30.792378
4.733329	-115.000004	-35.340208
4.739996	-115.000004	-39.642759
4.746663	-115.000004	-44.272347
4.753329	-115.000004	-48.625998
4.759996	-115.000004	-52.519759
4.766663	-115.000004	-56.546375
4.773329	-115.000004	-60.419696
4.779996	-115.000004	-63.965978
4.786663	-115.000004	-67.634903
4.793329	-115.000004	-71.119871
4.799996	-115.000004	-74.288020
4.806663	-115.000004	-77.568587
4.813329	-115.000004	-80.736736
4.819996	-115.000004	-83.598292
4.826663	-115.000004	-86.562047
4.833329	-115.000004	-89.403160
4.839996	-115.000004	-91.947904
4.846663	-115.000004	-94.594842
4.853329	-115.000004	-97.149804
4.859996	-115.000004	-99.408383
4.866663	-115.000004	-101.779388
4.873329	-115.000004	-104.078853
4.879996	-115.000004	-106.102378
4.886662	-115.000004	-108.197450
4.893329	-115.000004	-110.231194
4.899996	-115.000004	-112.019665
4.906662	-115.000004	-113.889901
4.913329	-115.000004	-115.688597
4.919996	-115.000004	-117.242000
4.926662	-115.000004	-118.866957
4.933329	-115.000004	-120.543017
4.939996	-115.000004	-122.045331
4.946662	-115.000004	-123.414784
4.953329	-115.000004	-124.712711
4.959996	-115.000004	-126.051510
4.966662	-115.000004	-127.400527
4.973329	-115.000004	-128.483836
4.979996	-115.000004	-129.495592
4.986662	-115.000004	-130.711762
4.993329	-115.000004	-131.835943
4.999996	-115.000004	-132.684184
5.006662	-115.000004	-133.573310
5.013329	-115.000004	-134.554412
5.019996	-115.000004	-135.412885
5.026662	-115.000004	-136.107830
5.033329	-115.000004	-136.772120
5.039996	-115.000004	-137.538604
5.046662	115.000004	-138.284652
5.053329	115.000004	-137.507950
5.059996	115.000004	-134.350012
5.066662	115.000004	-128.882405
5.073329	115.000004	-122.546107
5.079996	115.000004	-115.198039
5.086662	115.000004	-106.552051
5.093329	115.000004	-97.936730
5.099996	115.000004	-90.057233
5.106662	115.000004	-82.014214
5.113329	115.000004	-74.420874
5.119996	115.000004	-67.328310
5.126662	115.000004	-59.796284
5.133329	115.000004	2.565180
5.139996	115.000004	7.409384
5.146662	115.000004	10.546875
5.153329	115.000004	14.185138
5.159996	115.000004	18.487691
5.166662	115.000004	23.107059
5.173329	115.000004	27.123456
5.179996	115.000004	30.700399
5.186662	115.000004	34.553278
5.193329	115.000004	38.303960
5.199996	115.000004	41.727606
5.206662	115.000004	45.284113
5.213329	115.000004	48.707759
5.219995	115.000004	51.824808
5.226662	115.000004	0.582531
5.233329	115.000004	4.711346
5.239995	115.000004	9.974564
5.246662	115.000004	15.697675
5.253329	115.000004	20.674737
5.259995	115.000004	24.987509
5.266662	115.000004	29.586436
5.273329	115.000004	34.113827
5.279995	115.000004	38.283521
5.286662	115.000004	42.545194
5.293329	115.000004	46.530934
5.299995	115.000004	50.250955
5.306662	115.000004	54.216252
5.313329	115.000004	57.997595
5.319995	115.000004	61.400798
5.326662	115.000004	64.916426
5.333329	115.000004	68.319630
5.339995	115.000004	71.395803
5.346662	115.000004	74.574171
5.353329	115.000004	77.609466
5.359995	115.000004	80.389264
5.366662	115.000004	83.220159
5.373329	115.000004	85.907975
5.379995	115.000004	88.381179
5.386662	115.000004	91.028117
5.393329	115.000004	93.562636
5.399995	115.000004	95.759901
5.406662	115.000004	98.069584
5.413329	115.000004	100.328171
5.419995	115.000004	102.341478
5.426662	115.000004	104.344568
5.433329	115.000004	106.225021
5.439995	115.000004	107.982832
5.446662	115.000004	109.883721
5.453329	115.000004	111.713071
5.459995	115.000004	113.266489
5.466662	115.000004	114.881227
5.473329	115.000004	116.475516
5.479995	115.000004	117.865419
5.486662	115.000004	119.245090
5.493329	115.000004	120.665646
5.499995	115.000004	122.014677
5.506662	115.000004	123.230833
5.513329	115.000004	124.293692
5.519995	115.000004	125.377001
5.526662	115.000004	126.644261
5.533329	115.000004	127.768442
5.539995	115.000004	128.626901
5.546662	-115.000004	129.526259
5.553329	-115.000004	129.454720
5.559995	-115.000004	127.564042
5.566662	-115.000004	124.068856
5.573328	-115.000004	119.561915
5.579995	-115.000004	114.380452
5.586662	-115.000004	108.258765
5.593328	-115.000004	101.769170
5.599995	-115.000004	95.105835
5.606662	-115.000004	87.767985
5.613328	-115.000004	80.368821
5.619995	-115.000004	73.000317
5.626662	-115.000004	65.069723
5.633328	-115.000004	57.507037
5.639995	-115.000004	50.598427
5.646662	-115.000004	43.413881
5.653328	-115.000004	36.556368
5.659995	-115.000004	30.240505
5.666662	-115.000004	23.679369
5.673328	-115.000004	17.404388
5.679995	-115.000004	11.630178
5.686662	-115.000004	5.620912
5.693328	-115.000004	-1.144622
5.699995	-115.000004	-6.101244
5.706662	-115.000004	-11.108966
5.713328	-115.000004	-16.310864
5.719995	-115.000004	-21.308367
5.726662	-115.000004	-26.336528
5.733328	-115.000004	-30.945675
5.739995	-115.000004	-35.258447
5.746662	-115.000004	-39.908474
5.753328	-115.000004	-44.303008
5.759995	-115.000004	-48.247865
5.766662	-115.000004	-52.335802
5.773328	-115.000004	-56.249999
5.779995	-115.000004	-59.796284
5.786662	-115.000004	-63.526524
5.793328	-115.000004	-67.103474
5.799995	-115.000004	-70.312501
5.806662	-115.000004	-73.664608
5.813328	-115.000004	-76.863418
5.819995	-115.000004	-79.745409
5.826662	-115.000004	-82.760268
5.833328	-115.000004	-85.662703
5.839995	-115.000004	-88.258536
5.846662	-115.000004	-90.956577
5.853328	-115.000004	-93.552418
5.859995	-115.000004	-95.862101
5.866662	-115.000004	-98.284202
5.873328	-115.000004	-100.614328
5.879995	-115.000004	-102.678732
5.886662	-115.000004	-104.845337
5.893328	-115.000004	-106.919966
5.899995	-115.000004	-108.739098
5.906662	-115.000004	-110.650212
5.913328	-115.000004	-112.581755
5.919995	-115.000004	-114.308912
5.926661	-115.000004	-115.933869
5.933328	-115.000004	-117.456618
5.939995	-115.000004	-119.010036
5.946661	-115.000004	-120.604338
5.953328	-115.000004	-121.932906
5.959995	-115.000004	-123.159294
5.966661	-115.000004	-124.590068
5.973328	-115.000004	-125.918649
5.979995	-115.000004	-126.950855
5.986661	-115.000004	-128.034164
5.993328	-115.000004	-129.199216
5.999995	-115.000004	-130.231422
