   0.0000000e+00
   1.2000000e-01
   2.4000000e-01
   3.6000000e-01
   4.8000000e-01
   6.0000000e-01
   7.2000000e-01
   8.4000000e-01
   9.6000000e-01
   1.0800000e+00
   1.2000000e+00
   1.3200000e+00
   1.4400000e+00
   1.5600000e+00
   1.6800000e+00
   1.8000000e+00
   1.9200000e+00
   2.0400000e+00
   2.1600000e+00
   2.2800000e+00
   2.4000000e+00
   2.5200000e+00
   2.6400000e+00
   2.7600000e+00
   2.8800000e+00
   3.0000000e+00
   3.1200000e+00
   3.2400000e+00
   3.3600000e+00
   3.4800000e+00
   3.6000000e+00
   3.7200000e+00
   3.8400000e+00
   3.9600000e+00
   4.0800000e+00
   4.2000000e+00
   4.3200000e+00
   4.4400000e+00
   4.5600000e+00
   4.6800000e+00
   4.8000000e+00
   4.9200000e+00
   5.0400000e+00
   5.1600000e+00
   5.2800000e+00
   5.4000000e+00
   5.5200000e+00
   5.6400000e+00
   5.7600000e+00
   5.8800000e+00
   6.0000000e+00
   6.1200000e+00
   6.2400000e+00
   6.3600000e+00
   6.4800000e+00
   6.6000000e+00
   6.7200000e+00
   6.8400000e+00
   6.9600000e+00
   7.0800000e+00
   7.2000000e+00
   7.3200000e+00
   7.4400000e+00
   7.5600000e+00
   7.6800000e+00
   7.8000000e+00
   7.9200000e+00
   8.0400000e+00
   8.1600000e+00
   8.2800000e+00
   8.4000000e+00
   8.5200000e+00
   8.6400000e+00
   8.7600000e+00
   8.8800000e+00
   9.0000000e+00
   9.1200000e+00
   9.2400000e+00
   9.3600000e+00
   9.4800000e+00
   9.6000000e+00
   9.7200000e+00
   9.8400000e+00
   9.9600000e+00
   1.0080000e+01
   1.0200000e+01
   1.0320000e+01
   1.0440000e+01
   1.0560000e+01
   1.0680000e+01
   1.0800000e+01
   1.0920000e+01
   1.1040000e+01
   1.1160000e+01
   1.1280000e+01
   1.1400000e+01
   1.1520000e+01
   1.1640000e+01
   1.1760000e+01
   1.1880000e+01
   1.2000000e+01
   1.2120000e+01
   1.2240000e+01
   1.2360000e+01
   1.2480000e+01
   1.2600000e+01
   1.2720000e+01
   1.2840000e+01
   1.2960000e+01
   1.3080000e+01
   1.3200000e+01
   1.3320000e+01
   1.3440000e+01
   1.3560000e+01
   1.3680000e+01
   1.3800000e+01
   1.3920000e+01
   1.4040000e+01
   1.4160000e+01
   1.4280000e+01
   1.4400000e+01
   1.4520000e+01
   1.4640000e+01
   1.4760000e+01
   1.4880000e+01
   1.5000000e+01
   1.5120000e+01
   1.5240000e+01
   1.5360000e+01
   1.5480000e+01
   1.5600000e+01
   1.5720000e+01
   1.5840000e+01
   1.5960000e+01
   1.6080000e+01
   1.6200000e+01
   1.6320000e+01
   1.6440000e+01
   1.6560000e+01
   1.6680000e+01
   1.6800000e+01
   1.6920000e+01
   1.7040000e+01
   1.7160000e+01
   1.7280000e+01
   1.7400000e+01
   1.7520000e+01
   1.7640000e+01
   1.7760000e+01
   1.7880000e+01
   1.8000000e+01
   1.8120000e+01
   1.8240000e+01
   1.8360000e+01
   1.8480000e+01
   1.8600000e+01
   1.8720000e+01
   1.8840000e+01
   1.8960000e+01
   1.9080000e+01
   1.9200000e+01
   1.9320000e+01
   1.9440000e+01
   1.9560000e+01
   1.9680000e+01
   1.9800000e+01
   1.9920000e+01
   2.0040000e+01
   2.0160000e+01
   2.0280000e+01
   2.0400000e+01
   2.0520000e+01
   2.0640000e+01
   2.0760000e+01
   2.0880000e+01
   2.1000000e+01
   2.1120000e+01
   2.1240000e+01
   2.1360000e+01
   2.1480000e+01
   2.1600000e+01
   2.1720000e+01
   2.1840000e+01
   2.1960000e+01
   2.2080000e+01
   2.2200000e+01
   2.2320000e+01
   2.2440000e+01
   2.2560000e+01
   2.2680000e+01
   2.2800000e+01
   2.2920000e+01
   2.3040000e+01
   2.3160000e+01
   2.3280000e+01
   2.3400000e+01
   2.3520000e+01
   2.3640000e+01
   2.3760000e+01
   2.3880000e+01
   2.4000000e+01
   2.4120000e+01
   2.4240000e+01
   2.4360000e+01
   2.4480000e+01
   2.4600000e+01
   2.4720000e+01
   2.4840000e+01
   2.4960000e+01
   2.5080000e+01
   2.5200000e+01
   2.5320000e+01
   2.5440000e+01
   2.5560000e+01
   2.5680000e+01
   2.5800000e+01
   2.5920000e+01
   2.6040000e+01
   2.6160000e+01
   2.6280000e+01
   2.6400000e+01
   2.6520000e+01
   2.6640000e+01
   2.6760000e+01
   2.6880000e+01
   2.7000000e+01
   2.7120000e+01
   2.7240000e+01
   2.7360000e+01
   2.7480000e+01
   2.7600000e+01
   2.7720000e+01
   2.7840000e+01
   2.7960000e+01
   2.8080000e+01
   2.8200000e+01
   2.8320000e+01
   2.8440000e+01
   2.8560000e+01
   2.8680000e+01
   2.8800000e+01
   2.8920000e+01
   2.9040000e+01
   2.9160000e+01
   2.9280000e+01
   2.9400000e+01
   2.9520000e+01
   2.9640000e+01
   2.9760000e+01
   2.9880000e+01
   3.0000000e+01
   3.0120000e+01
   3.0240000e+01
   3.0360000e+01
   3.0480000e+01
   3.0600000e+01
   3.0720000e+01
   3.0840000e+01
   3.0960000e+01
   3.1080000e+01
   3.1200000e+01
   3.1320000e+01
   3.1440000e+01
   3.1560000e+01
   3.1680000e+01
   3.1800000e+01
   3.1920000e+01
   3.2040000e+01
   3.2160000e+01
   3.2280000e+01
   3.2400000e+01
   3.2520000e+01
   3.2640000e+01
   3.2760000e+01
   3.2880000e+01
   3.3000000e+01
   3.3120000e+01
   3.3240000e+01
   3.3360000e+01
   3.3480000e+01
   3.3600000e+01
   3.3720000e+01
   3.3840000e+01
   3.3960000e+01
   3.4080000e+01
   3.4200000e+01
   3.4320000e+01
   3.4440000e+01
   3.4560000e+01
   3.4680000e+01
   3.4800000e+01
   3.4920000e+01
   3.5040000e+01
   3.5160000e+01
   3.5280000e+01
   3.5400000e+01
   3.5520000e+01
   3.5640000e+01
   3.5760000e+01
   3.5880000e+01
   3.6000000e+01
   3.6120000e+01
   3.6240000e+01
   3.6360000e+01
   3.6480000e+01
   3.6600000e+01
   3.6720000e+01
   3.6840000e+01
   3.6960000e+01
   3.7080000e+01
   3.7200000e+01
   3.7320000e+01
   3.7440000e+01
   3.7560000e+01
   3.7680000e+01
   3.7800000e+01
   3.7920000e+01
   3.8040000e+01
   3.8160000e+01
   3.8280000e+01
   3.8400000e+01
   3.8520000e+01
   3.8640000e+01
   3.8760000e+01
   3.8880000e+01
   3.9000000e+01
   3.9120000e+01
   3.9240000e+01
   3.9360000e+01
   3.9480000e+01
   3.9600000e+01
   3.9720000e+01
   3.9840000e+01
   3.9960000e+01
   4.0080000e+01
   4.0200000e+01
   4.0320000e+01
   4.0440000e+01
   4.0560000e+01
   4.0680000e+01
   4.0800000e+01
   4.0920000e+01
   4.1040000e+01
   4.1160000e+01
   4.1280000e+01
   4.1400000e+01
   4.1520000e+01
   4.1640000e+01
   4.1760000e+01
   4.1880000e+01
   4.2000000e+01
   4.2120000e+01
   4.2240000e+01
   4.2360000e+01
   4.2480000e+01
   4.2600000e+01
   4.2720000e+01
   4.2840000e+01
   4.2960000e+01
   4.3080000e+01
   4.3200000e+01
   4.3320000e+01
   4.3440000e+01
   4.3560000e+01
   4.3680000e+01
   4.3800000e+01
   4.3920000e+01
   4.4040000e+01
   4.4160000e+01
   4.4280000e+01
   4.4400000e+01
   4.4520000e+01
   4.4640000e+01
   4.4760000e+01
   4.4880000e+01
   4.5000000e+01
   4.5120000e+01
   4.5240000e+01
   4.5360000e+01
   4.5480000e+01
   4.5600000e+01
   4.5720000e+01
   4.5840000e+01
   4.5960000e+01
   4.6080000e+01
   4.6200000e+01
   4.6320000e+01
   4.6440000e+01
   4.6560000e+01
   4.6680000e+01
   4.6800000e+01
   4.6920000e+01
   4.7040000e+01
   4.7160000e+01
   4.7280000e+01
   4.7400000e+01
   4.7520000e+01
   4.7640000e+01
   4.7760000e+01
   4.7880000e+01
   4.8000000e+01
   4.8120000e+01
   4.8240000e+01
   4.8360000e+01
   4.8480000e+01
   4.8600000e+01
   4.8720000e+01
   4.8840000e+01
   4.8960000e+01
   4.9080000e+01
   4.9200000e+01
   4.9320000e+01
   4.9440000e+01
   4.9560000e+01
   4.9680000e+01
   4.9800000e+01
   4.9920000e+01
   5.0040000e+01
   5.0160000e+01
   5.0280000e+01
   5.0400000e+01
   5.0520000e+01
   5.0640000e+01
   5.0760000e+01
   5.0880000e+01
   5.1000000e+01
   5.1120000e+01
   5.1240000e+01
   5.1360000e+01
   5.1480000e+01
   5.1600000e+01
   5.1720000e+01
   5.1840000e+01
   5.1960000e+01
   5.2080000e+01
   5.2200000e+01
   5.2320000e+01
   5.2440000e+01
   5.2560000e+01
   5.2680000e+01
   5.2800000e+01
   5.2920000e+01
   5.3040000e+01
   5.3160000e+01
   5.3280000e+01
   5.3400000e+01
   5.3520000e+01
   5.3640000e+01
   5.3760000e+01
   5.3880000e+01
   5.4000000e+01
   5.4120000e+01
   5.4240000e+01
   5.4360000e+01
   5.4480000e+01
   5.4600000e+01
   5.4720000e+01
   5.4840000e+01
   5.4960000e+01
   5.5080000e+01
   5.5200000e+01
   5.5320000e+01
   5.5440000e+01
   5.5560000e+01
   5.5680000e+01
   5.5800000e+01
   5.5920000e+01
   5.6040000e+01
   5.6160000e+01
   5.6280000e+01
   5.6400000e+01
   5.6520000e+01
   5.6640000e+01
   5.6760000e+01
   5.6880000e+01
   5.7000000e+01
   5.7120000e+01
   5.7240000e+01
   5.7360000e+01
   5.7480000e+01
   5.7600000e+01
   5.7720000e+01
   5.7840000e+01
   5.7960000e+01
   5.8080000e+01
   5.8200000e+01
   5.8320000e+01
   5.8440000e+01
   5.8560000e+01
   5.8680000e+01
   5.8800000e+01
   5.8920000e+01
   5.9040000e+01
   5.9160000e+01
   5.9280000e+01
   5.9400000e+01
   5.9520000e+01
   5.9640000e+01
   5.9760000e+01
   5.9880000e+01
   6.0000000e+01
   6.0120000e+01
   6.0240000e+01
   6.0360000e+01
   6.0480000e+01
   6.0600000e+01
   6.0720000e+01
   6.0840000e+01
   6.0960000e+01
   6.1080000e+01
   6.1200000e+01
   6.1320000e+01
   6.1440000e+01
   6.1560000e+01
   6.1680000e+01
   6.1800000e+01
   6.1920000e+01
   6.2040000e+01
   6.2160000e+01
   6.2280000e+01
   6.2400000e+01
   6.2520000e+01
   6.2640000e+01
   6.2760000e+01
   6.2880000e+01
   6.3000000e+01
   6.3120000e+01
   6.3240000e+01
   6.3360000e+01
   6.3480000e+01
   6.3600000e+01
   6.3720000e+01
   6.3840000e+01
   6.3960000e+01
   6.4080000e+01
   6.4200000e+01
   6.4320000e+01
   6.4440000e+01
   6.4560000e+01
   6.4680000e+01
   6.4800000e+01
   6.4920000e+01
   6.5040000e+01
   6.5160000e+01
   6.5280000e+01
   6.5400000e+01
   6.5520000e+01
   6.5640000e+01
   6.5760000e+01
   6.5880000e+01
   6.6000000e+01
   6.6120000e+01
   6.6240000e+01
   6.6360000e+01
   6.6480000e+01
   6.6600000e+01
   6.6720000e+01
   6.6840000e+01
   6.6960000e+01
   6.7080000e+01
   6.7200000e+01
   6.7320000e+01
   6.7440000e+01
   6.7560000e+01
   6.7680000e+01
   6.7800000e+01
   6.7920000e+01
   6.8040000e+01
   6.8160000e+01
   6.8280000e+01
   6.8400000e+01
   6.8520000e+01
   6.8640000e+01
   6.8760000e+01
   6.8880000e+01
   6.9000000e+01
   6.9120000e+01
   6.9240000e+01
   6.9360000e+01
   6.9480000e+01
   6.9600000e+01
   6.9720000e+01
   6.9840000e+01
   6.9960000e+01
   7.0080000e+01
   7.0200000e+01
   7.0320000e+01
   7.0440000e+01
   7.0560000e+01
   7.0680000e+01
   7.0800000e+01
   7.0920000e+01
   7.1040000e+01
   7.1160000e+01
   7.1280000e+01
   7.1400000e+01
   7.1520000e+01
   7.1640000e+01
   7.1760000e+01
   7.1880000e+01
   7.2000000e+01
   7.2120000e+01
   7.2240000e+01
   7.2360000e+01
   7.2480000e+01
   7.2600000e+01
   7.2720000e+01
   7.2840000e+01
   7.2960000e+01
   7.3080000e+01
   7.3200000e+01
   7.3320000e+01
   7.3440000e+01
   7.3560000e+01
   7.3680000e+01
   7.3800000e+01
   7.3920000e+01
   7.4040000e+01
   7.4160000e+01
   7.4280000e+01
   7.4400000e+01
   7.4520000e+01
   7.4640000e+01
   7.4760000e+01
   7.4880000e+01
   7.5000000e+01
   7.5120000e+01
   7.5240000e+01
   7.5360000e+01
   7.5480000e+01
   7.5600000e+01
   7.5720000e+01
   7.5840000e+01
   7.5960000e+01
   7.6080000e+01
   7.6200000e+01
   7.6320000e+01
   7.6440000e+01
   7.6560000e+01
   7.6680000e+01
   7.6800000e+01
   7.6920000e+01
   7.7040000e+01
   7.7160000e+01
   7.7280000e+01
   7.7400000e+01
   7.7520000e+01
   7.7640000e+01
   7.7760000e+01
   7.7880000e+01
   7.8000000e+01
   7.8120000e+01
   7.8240000e+01
   7.8360000e+01
   7.8480000e+01
   7.8600000e+01
   7.8720000e+01
   7.8840000e+01
   7.8960000e+01
   7.9080000e+01
   7.9200000e+01
   7.9320000e+01
   7.9440000e+01
   7.9560000e+01
   7.9680000e+01
   7.9800000e+01
   7.9920000e+01
   8.0040000e+01
   8.0160000e+01
   8.0280000e+01
   8.0400000e+01
   8.0520000e+01
   8.0640000e+01
   8.0760000e+01
   8.0880000e+01
   8.1000000e+01
   8.1120000e+01
   8.1240000e+01
   8.1360000e+01
   8.1480000e+01
   8.1600000e+01
   8.1720000e+01
   8.1840000e+01
   8.1960000e+01
   8.2080000e+01
   8.2200000e+01
   8.2320000e+01
   8.2440000e+01
   8.2560000e+01
   8.2680000e+01
   8.2800000e+01
   8.2920000e+01
   8.3040000e+01
   8.3160000e+01
   8.3280000e+01
   8.3400000e+01
   8.3520000e+01
   8.3640000e+01
   8.3760000e+01
   8.3880000e+01
   8.4000000e+01
   8.4120000e+01
   8.4240000e+01
   8.4360000e+01
   8.4480000e+01
   8.4600000e+01
   8.4720000e+01
   8.4840000e+01
   8.4960000e+01
   8.5080000e+01
   8.5200000e+01
   8.5320000e+01
   8.5440000e+01
   8.5560000e+01
   8.5680000e+01
   8.5800000e+01
   8.5920000e+01
   8.6040000e+01
   8.6160000e+01
   8.6280000e+01
   8.6400000e+01
   8.6520000e+01
   8.6640000e+01
   8.6760000e+01
   8.6880000e+01
   8.7000000e+01
   8.7120000e+01
   8.7240000e+01
   8.7360000e+01
   8.7480000e+01
   8.7600000e+01
   8.7720000e+01
   8.7840000e+01
   8.7960000e+01
   8.8080000e+01
   8.8200000e+01
   8.8320000e+01
   8.8440000e+01
   8.8560000e+01
   8.8680000e+01
   8.8800000e+01
   8.8920000e+01
   8.9040000e+01
   8.9160000e+01
   8.9280000e+01
   8.9400000e+01
   8.9520000e+01
   8.9640000e+01
   8.9760000e+01
   8.9880000e+01
   0.0000000e+00
   1.2000000e-01
   2.4000000e-01
   3.6000000e-01
   4.8000000e-01
   6.0000000e-01
   7.2000000e-01
   8.4000000e-01
   9.6000000e-01
   1.0800000e+00
   1.2000000e+00
   1.3200000e+00
   1.4400000e+00
   1.5600000e+00
   1.6800000e+00
   1.8000000e+00
   1.9200000e+00
   2.0400000e+00
   2.1600000e+00
   2.2800000e+00
   2.4000000e+00
   2.5200000e+00
   2.6400000e+00
   2.7600000e+00
   2.8800000e+00
   3.0000000e+00
   3.1200000e+00
   3.2400000e+00
   3.3600000e+00
   3.4800000e+00
   3.6000000e+00
   3.7200000e+00
   3.8400000e+00
   3.9600000e+00
   4.0800000e+00
   4.2000000e+00
   4.3200000e+00
   4.4400000e+00
   4.5600000e+00
   4.6800000e+00
   4.8000000e+00
   4.9200000e+00
   5.0400000e+00
   5.1600000e+00
   5.2800000e+00
   5.4000000e+00
   5.5200000e+00
   5.6400000e+00
   5.7600000e+00
   5.8800000e+00
   6.0000000e+00
   6.1200000e+00
   6.2400000e+00
   6.3600000e+00
   6.4800000e+00
   6.6000000e+00
   6.7200000e+00
   6.8400000e+00
   6.9600000e+00
   7.0800000e+00
   7.2000000e+00
   7.3200000e+00
   7.4400000e+00
   7.5600000e+00
   7.6800000e+00
   7.8000000e+00
   7.9200000e+00
   8.0400000e+00
   8.1600000e+00
   8.2800000e+00
   8.4000000e+00
   8.5200000e+00
   8.6400000e+00
   8.7600000e+00
   8.8800000e+00
   9.0000000e+00
   9.1200000e+00
   9.2400000e+00
   9.3600000e+00
   9.4800000e+00
   9.6000000e+00
   9.7200000e+00
   9.8400000e+00
   9.9600000e+00
   1.0080000e+01
   1.0200000e+01
   1.0320000e+01
   1.0440000e+01
   1.0560000e+01
   1.0680000e+01
   1.0800000e+01
   1.0920000e+01
   1.1040000e+01
   1.1160000e+01
   1.1280000e+01
   1.1400000e+01
   1.1520000e+01
   1.1640000e+01
   1.1760000e+01
   1.1880000e+01
   1.2000000e+01
   1.2120000e+01
   1.2240000e+01
   1.2360000e+01
   1.2480000e+01
   1.2600000e+01
   1.2720000e+01
   1.2840000e+01
   1.2960000e+01
   1.3080000e+01
   1.3200000e+01
   1.3320000e+01
   1.3440000e+01
   1.3560000e+01
   1.3680000e+01
   1.3800000e+01
   1.3920000e+01
   1.4040000e+01
   1.4160000e+01
   1.4280000e+01
   1.4400000e+01
   1.4520000e+01
   1.4640000e+01
   1.4760000e+01
   1.4880000e+01
   1.5000000e+01
   1.5120000e+01
   1.5240000e+01
   1.5360000e+01
   1.5480000e+01
   1.5600000e+01
   1.5720000e+01
   1.5840000e+01
   1.5960000e+01
   1.6080000e+01
   1.6200000e+01
   1.6320000e+01
   1.6440000e+01
   1.6560000e+01
   1.6680000e+01
   1.6800000e+01
   1.6920000e+01
   1.7040000e+01
   1.7160000e+01
   1.7280000e+01
   1.7400000e+01
   1.7520000e+01
   1.7640000e+01
   1.7760000e+01
   1.7880000e+01
   1.8000000e+01
   1.8120000e+01
   1.8240000e+01
   1.8360000e+01
   1.8480000e+01
   1.8600000e+01
   1.8720000e+01
   1.8840000e+01
   1.8960000e+01
   1.9080000e+01
   1.9200000e+01
   1.9320000e+01
   1.9440000e+01
   1.9560000e+01
   1.9680000e+01
   1.9800000e+01
   1.9920000e+01
   2.0040000e+01
   2.0160000e+01
   2.0280000e+01
   2.0400000e+01
   2.0520000e+01
   2.0640000e+01
   2.0760000e+01
   2.0880000e+01
   2.1000000e+01
   2.1120000e+01
   2.1240000e+01
   2.1360000e+01
   2.1480000e+01
   2.1600000e+01
   2.1720000e+01
   2.1840000e+01
   2.1960000e+01
   2.2080000e+01
   2.2200000e+01
   2.2320000e+01
   2.2440000e+01
   2.2560000e+01
   2.2680000e+01
   2.2800000e+01
   2.2920000e+01
   2.3040000e+01
   2.3160000e+01
   2.3280000e+01
   2.3400000e+01
   2.3520000e+01
   2.3640000e+01
   2.3760000e+01
   2.3880000e+01
   2.4000000e+01
   2.4120000e+01
   2.4240000e+01
   2.4360000e+01
   2.4480000e+01
   2.4600000e+01
   2.4720000e+01
   2.4840000e+01
   2.4960000e+01
   2.5080000e+01
   2.5200000e+01
   2.5320000e+01
   2.5440000e+01
   2.5560000e+01
   2.5680000e+01
   2.5800000e+01
   2.5920000e+01
   2.6040000e+01
   2.6160000e+01
   2.6280000e+01
   2.6400000e+01
   2.6520000e+01
   2.6640000e+01
   2.6760000e+01
   2.6880000e+01
   2.7000000e+01
   2.7120000e+01
   2.7240000e+01
   2.7360000e+01
   2.7480000e+01
   2.7600000e+01
   2.7720000e+01
   2.7840000e+01
   2.7960000e+01
   2.8080000e+01
   2.8200000e+01
   2.8320000e+01
   2.8440000e+01
   2.8560000e+01
   2.8680000e+01
   2.8800000e+01
   2.8920000e+01
   2.9040000e+01
   2.9160000e+01
   2.9280000e+01
   2.9400000e+01
   2.9520000e+01
   2.9640000e+01
   2.9760000e+01
   2.9880000e+01
   3.0000000e+01
   3.0120000e+01
   3.0240000e+01
   3.0360000e+01
   3.0480000e+01
   3.0600000e+01
   3.0720000e+01
   3.0840000e+01
   3.0960000e+01
   3.1080000e+01
   3.1200000e+01
   3.1320000e+01
   3.1440000e+01
   3.1560000e+01
   3.1680000e+01
   3.1800000e+01
   3.1920000e+01
   3.2040000e+01
   3.2160000e+01
   3.2280000e+01
   3.2400000e+01
   3.2520000e+01
   3.2640000e+01
   3.2760000e+01
   3.2880000e+01
   3.3000000e+01
   3.3120000e+01
   3.3240000e+01
   3.3360000e+01
   3.3480000e+01
   3.3600000e+01
   3.3720000e+01
   3.3840000e+01
   3.3960000e+01
   3.4080000e+01
   3.4200000e+01
   3.4320000e+01
   3.4440000e+01
   3.4560000e+01
   3.4680000e+01
   3.4800000e+01
   3.4920000e+01
   3.5040000e+01
   3.5160000e+01
   3.5280000e+01
   3.5400000e+01
   3.5520000e+01
   3.5640000e+01
   3.5760000e+01
   3.5880000e+01
   3.6000000e+01
   3.6120000e+01
   3.6240000e+01
   3.6360000e+01
   3.6480000e+01
   3.6600000e+01
   3.6720000e+01
   3.6840000e+01
   3.6960000e+01
   3.7080000e+01
   3.7200000e+01
   3.7320000e+01
   3.7440000e+01
   3.7560000e+01
   3.7680000e+01
   3.7800000e+01
   3.7920000e+01
   3.8040000e+01
   3.8160000e+01
   3.8280000e+01
   3.8400000e+01
   3.8520000e+01
   3.8640000e+01
   3.8760000e+01
   3.8880000e+01
   3.9000000e+01
   3.9120000e+01
   3.9240000e+01
   3.9360000e+01
   3.9480000e+01
   3.9600000e+01
   3.9720000e+01
   3.9840000e+01
   3.9960000e+01
   4.0080000e+01
   4.0200000e+01
   4.0320000e+01
   4.0440000e+01
   4.0560000e+01
   4.0680000e+01
   4.0800000e+01
   4.0920000e+01
   4.1040000e+01
   4.1160000e+01
   4.1280000e+01
   4.1400000e+01
   4.1520000e+01
   4.1640000e+01
   4.1760000e+01
   4.1880000e+01
   4.2000000e+01
   4.2120000e+01
   4.2240000e+01
   4.2360000e+01
   4.2480000e+01
   4.2600000e+01
   4.2720000e+01
   4.2840000e+01
   4.2960000e+01
   4.3080000e+01
   4.3200000e+01
   4.3320000e+01
   4.3440000e+01
   4.3560000e+01
   4.3680000e+01
   4.3800000e+01
   4.3920000e+01
   4.4040000e+01
   4.4160000e+01
   4.4280000e+01
   4.4400000e+01
   4.4520000e+01
   4.4640000e+01
   4.4760000e+01
   4.4880000e+01
   4.5000000e+01
   4.5120000e+01
   4.5240000e+01
   4.5360000e+01
   4.5480000e+01
   4.5600000e+01
   4.5720000e+01
   4.5840000e+01
   4.5960000e+01
   4.6080000e+01
   4.6200000e+01
   4.6320000e+01
   4.6440000e+01
   4.6560000e+01
   4.6680000e+01
   4.6800000e+01
   4.6920000e+01
   4.7040000e+01
   4.7160000e+01
   4.7280000e+01
   4.7400000e+01
   4.7520000e+01
   4.7640000e+01
   4.7760000e+01
   4.7880000e+01
   4.8000000e+01
   4.8120000e+01
   4.8240000e+01
   4.8360000e+01
   4.8480000e+01
   4.8600000e+01
   4.8720000e+01
   4.8840000e+01
   4.8960000e+01
   4.9080000e+01
   4.9200000e+01
   4.9320000e+01
   4.9440000e+01
   4.9560000e+01
   4.9680000e+01
   4.9800000e+01
   4.9920000e+01
   5.0040000e+01
   5.0160000e+01
   5.0280000e+01
   5.0400000e+01
   5.0520000e+01
   5.0640000e+01
   5.0760000e+01
   5.0880000e+01
   5.1000000e+01
   5.1120000e+01
   5.1240000e+01
   5.1360000e+01
   5.1480000e+01
   5.1600000e+01
   5.1720000e+01
   5.1840000e+01
   5.1960000e+01
   5.2080000e+01
   5.2200000e+01
   5.2320000e+01
   5.2440000e+01
   5.2560000e+01
   5.2680000e+01
   5.2800000e+01
   5.2920000e+01
   5.3040000e+01
   5.3160000e+01
   5.3280000e+01
   5.3400000e+01
   5.3520000e+01
   5.3640000e+01
   5.3760000e+01
   5.3880000e+01
   5.4000000e+01
   5.4120000e+01
   5.4240000e+01
   5.4360000e+01
   5.4480000e+01
   5.4600000e+01
   5.4720000e+01
   5.4840000e+01
   5.4960000e+01
   5.5080000e+01
   5.5200000e+01
   5.5320000e+01
   5.5440000e+01
   5.5560000e+01
   5.5680000e+01
   5.5800000e+01
   5.5920000e+01
   5.6040000e+01
   5.6160000e+01
   5.6280000e+01
   5.6400000e+01
   5.6520000e+01
   5.6640000e+01
   5.6760000e+01
   5.6880000e+01
   5.7000000e+01
   5.7120000e+01
   5.7240000e+01
   5.7360000e+01
   5.7480000e+01
   5.7600000e+01
   5.7720000e+01
   5.7840000e+01
   5.7960000e+01
   5.8080000e+01
   5.8200000e+01
   5.8320000e+01
   5.8440000e+01
   5.8560000e+01
   5.8680000e+01
   5.8800000e+01
   5.8920000e+01
   5.9040000e+01
   5.9160000e+01
   5.9280000e+01
   5.9400000e+01
   5.9520000e+01
   5.9640000e+01
   5.9760000e+01
   5.9880000e+01
   6.0000000e+01
   6.0120000e+01
   6.0240000e+01
   6.0360000e+01
   6.0480000e+01
   6.0600000e+01
   6.0720000e+01
   6.0840000e+01
   6.0960000e+01
   6.1080000e+01
   6.1200000e+01
   6.1320000e+01
   6.1440000e+01
   6.1560000e+01
   6.1680000e+01
   6.1800000e+01
   6.1920000e+01
   6.2040000e+01
   6.2160000e+01
   6.2280000e+01
   6.2400000e+01
   6.2520000e+01
   6.2640000e+01
   6.2760000e+01
   6.2880000e+01
   6.3000000e+01
   6.3120000e+01
   6.3240000e+01
   6.3360000e+01
   6.3480000e+01
   6.3600000e+01
   6.3720000e+01
   6.3840000e+01
   6.3960000e+01
   6.4080000e+01
   6.4200000e+01
   6.4320000e+01
   6.4440000e+01
   6.4560000e+01
   6.4680000e+01
   6.4800000e+01
   6.4920000e+01
   6.5040000e+01
   6.5160000e+01
   6.5280000e+01
   6.5400000e+01
   6.5520000e+01
   6.5640000e+01
   6.5760000e+01
   6.5880000e+01
   6.6000000e+01
   6.6120000e+01
   6.6240000e+01
   6.6360000e+01
   6.6480000e+01
   6.6600000e+01
   6.6720000e+01
   6.6840000e+01
   6.6960000e+01
   6.7080000e+01
   6.7200000e+01
   6.7320000e+01
   6.7440000e+01
   6.7560000e+01
   6.7680000e+01
   6.7800000e+01
   6.7920000e+01
   6.8040000e+01
   6.8160000e+01
   6.8280000e+01
   6.8400000e+01
   6.8520000e+01
   6.8640000e+01
   6.8760000e+01
   6.8880000e+01
   6.9000000e+01
   6.9120000e+01
   6.9240000e+01
   6.9360000e+01
   6.9480000e+01
   6.9600000e+01
   6.9720000e+01
   6.9840000e+01
   6.9960000e+01
   7.0080000e+01
   7.0200000e+01
   7.0320000e+01
   7.0440000e+01
   7.0560000e+01
   7.0680000e+01
   7.0800000e+01
   7.0920000e+01
   7.1040000e+01
   7.1160000e+01
   7.1280000e+01
   7.1400000e+01
   7.1520000e+01
   7.1640000e+01
   7.1760000e+01
   7.1880000e+01
   7.2000000e+01
   7.2120000e+01
   7.2240000e+01
   7.2360000e+01
   7.2480000e+01
   7.2600000e+01
   7.2720000e+01
   7.2840000e+01
   7.2960000e+01
   7.3080000e+01
   7.3200000e+01
   7.3320000e+01
   7.3440000e+01
   7.3560000e+01
   7.3680000e+01
   7.3800000e+01
   7.3920000e+01
   7.4040000e+01
   7.4160000e+01
   7.4280000e+01
   7.4400000e+01
   7.4520000e+01
   7.4640000e+01
   7.4760000e+01
   7.4880000e+01
   7.5000000e+01
   7.5120000e+01
   7.5240000e+01
   7.5360000e+01
   7.5480000e+01
   7.5600000e+01
   7.5720000e+01
   7.5840000e+01
   7.5960000e+01
   7.6080000e+01
   7.6200000e+01
   7.6320000e+01
   7.6440000e+01
   7.6560000e+01
   7.6680000e+01
   7.6800000e+01
   7.6920000e+01
   7.7040000e+01
   7.7160000e+01
   7.7280000e+01
   7.7400000e+01
   7.7520000e+01
   7.7640000e+01
   7.7760000e+01
   7.7880000e+01
   7.8000000e+01
   7.8120000e+01
   7.8240000e+01
   7.8360000e+01
   7.8480000e+01
   7.8600000e+01
   7.8720000e+01
   7.8840000e+01
   7.8960000e+01
   7.9080000e+01
   7.9200000e+01
   7.9320000e+01
   7.9440000e+01
   7.9560000e+01
   7.9680000e+01
   7.9800000e+01
   7.9920000e+01
   8.0040000e+01
   8.0160000e+01
   8.0280000e+01
   8.0400000e+01
   8.0520000e+01
   8.0640000e+01
   8.0760000e+01
   8.0880000e+01
   8.1000000e+01
   8.1120000e+01
   8.1240000e+01
   8.1360000e+01
   8.1480000e+01
   8.1600000e+01
   8.1720000e+01
   8.1840000e+01
   8.1960000e+01
   8.2080000e+01
   8.2200000e+01
   8.2320000e+01
   8.2440000e+01
   8.2560000e+01
   8.2680000e+01
   8.2800000e+01
   8.2920000e+01
   8.3040000e+01
   8.3160000e+01
   8.3280000e+01
   8.3400000e+01
   8.3520000e+01
   8.3640000e+01
   8.3760000e+01
   8.3880000e+01
   8.4000000e+01
   8.4120000e+01
   8.4240000e+01
   8.4360000e+01
   8.4480000e+01
   8.4600000e+01
   8.4720000e+01
   8.4840000e+01
   8.4960000e+01
   8.5080000e+01
   8.5200000e+01
   8.5320000e+01
   8.5440000e+01
   8.5560000e+01
   8.5680000e+01
   8.5800000e+01
   8.5920000e+01
   8.6040000e+01
   8.6160000e+01
   8.6280000e+01
   8.6400000e+01
   8.6520000e+01
   8.6640000e+01
   8.6760000e+01
   8.6880000e+01
   8.7000000e+01
   8.7120000e+01
   8.7240000e+01
   8.7360000e+01
   8.7480000e+01
   8.7600000e+01
   8.7720000e+01
   8.7840000e+01
   8.7960000e+01
   8.8080000e+01
   8.8200000e+01
   8.8320000e+01
   8.8440000e+01
   8.8560000e+01
   8.8680000e+01
   8.8800000e+01
   8.8920000e+01
   8.9040000e+01
   8.9160000e+01
   8.9280000e+01
   8.9400000e+01
   8.9520000e+01
   8.9640000e+01
   8.9760000e+01
   8.9880000e+01
   0.0000000e+00
   1.2000000e-01
   2.4000000e-01
   3.6000000e-01
   4.8000000e-01
   6.0000000e-01
   7.2000000e-01
   8.4000000e-01
   9.6000000e-01
   1.0800000e+00
   1.2000000e+00
   1.3200000e+00
   1.4400000e+00
   1.5600000e+00
   1.6800000e+00
   1.8000000e+00
   1.9200000e+00
   2.0400000e+00
   2.1600000e+00
   2.2800000e+00
   2.4000000e+00
   2.5200000e+00
   2.6400000e+00
   2.7600000e+00
   2.8800000e+00
   3.0000000e+00
   3.1200000e+00
   3.2400000e+00
   3.3600000e+00
   3.4800000e+00
   3.6000000e+00
   3.7200000e+00
   3.8400000e+00
   3.9600000e+00
   4.0800000e+00
   4.2000000e+00
   4.3200000e+00
   4.4400000e+00
   4.5600000e+00
   4.6800000e+00
   4.8000000e+00
   4.9200000e+00
   5.0400000e+00
   5.1600000e+00
   5.2800000e+00
   5.4000000e+00
   5.5200000e+00
   5.6400000e+00
   5.7600000e+00
   5.8800000e+00
   6.0000000e+00
   6.1200000e+00
   6.2400000e+00
   6.3600000e+00
   6.4800000e+00
   6.6000000e+00
   6.7200000e+00
   6.8400000e+00
   6.9600000e+00
   7.0800000e+00
   7.2000000e+00
   7.3200000e+00
   7.4400000e+00
   7.5600000e+00
   7.6800000e+00
   7.8000000e+00
   7.9200000e+00
   8.0400000e+00
   8.1600000e+00
   8.2800000e+00
   8.4000000e+00
   8.5200000e+00
   8.6400000e+00
   8.7600000e+00
   8.8800000e+00
   9.0000000e+00
   9.1200000e+00
   9.2400000e+00
   9.3600000e+00
   9.4800000e+00
   9.6000000e+00
   9.7200000e+00
   9.8400000e+00
   9.9600000e+00
   1.0080000e+01
   1.0200000e+01
   1.0320000e+01
   1.0440000e+01
   1.0560000e+01
   1.0680000e+01
   1.0800000e+01
   1.0920000e+01
   1.1040000e+01
   1.1160000e+01
   1.1280000e+01
   1.1400000e+01
   1.1520000e+01
   1.1640000e+01
   1.1760000e+01
   1.1880000e+01
   1.2000000e+01
   1.2120000e+01
   1.2240000e+01
   1.2360000e+01
   1.2480000e+01
   1.2600000e+01
   1.2720000e+01
   1.2840000e+01
   1.2960000e+01
   1.3080000e+01
   1.3200000e+01
   1.3320000e+01
   1.3440000e+01
   1.3560000e+01
   1.3680000e+01
   1.3800000e+01
   1.3920000e+01
   1.4040000e+01
   1.4160000e+01
   1.4280000e+01
   1.4400000e+01
   1.4520000e+01
   1.4640000e+01
   1.4760000e+01
   1.4880000e+01
   1.5000000e+01
   1.5120000e+01
   1.5240000e+01
   1.5360000e+01
   1.5480000e+01
   1.5600000e+01
   1.5720000e+01
   1.5840000e+01
   1.5960000e+01
   1.6080000e+01
   1.6200000e+01
   1.6320000e+01
   1.6440000e+01
   1.6560000e+01
   1.6680000e+01
   1.6800000e+01
   1.6920000e+01
   1.7040000e+01
   1.7160000e+01
   1.7280000e+01
   1.7400000e+01
   1.7520000e+01
   1.7640000e+01
   1.7760000e+01
   1.7880000e+01
   1.8000000e+01
   1.8120000e+01
   1.8240000e+01
   1.8360000e+01
   1.8480000e+01
   1.8600000e+01
   1.8720000e+01
   1.8840000e+01
   1.8960000e+01
   1.9080000e+01
   1.9200000e+01
   1.9320000e+01
   1.9440000e+01
   1.9560000e+01
   1.9680000e+01
   1.9800000e+01
   1.9920000e+01
   2.0040000e+01
   2.0160000e+01
   2.0280000e+01
   2.0400000e+01
   2.0520000e+01
   2.0640000e+01
   2.0760000e+01
   2.0880000e+01
   2.1000000e+01
   2.1120000e+01
   2.1240000e+01
   2.1360000e+01
   2.1480000e+01
   2.1600000e+01
   2.1720000e+01
   2.1840000e+01
   2.1960000e+01
   2.2080000e+01
   2.2200000e+01
   2.2320000e+01
   2.2440000e+01
   2.2560000e+01
   2.2680000e+01
   2.2800000e+01
   2.2920000e+01
   2.3040000e+01
   2.3160000e+01
   2.3280000e+01
   2.3400000e+01
   2.3520000e+01
   2.3640000e+01
   2.3760000e+01
   2.3880000e+01
   2.4000000e+01
   2.4120000e+01
   2.4240000e+01
   2.4360000e+01
   2.4480000e+01
   2.4600000e+01
   2.4720000e+01
   2.4840000e+01
   2.4960000e+01
   2.5080000e+01
   2.5200000e+01
   2.5320000e+01
   2.5440000e+01
   2.5560000e+01
   2.5680000e+01
   2.5800000e+01
   2.5920000e+01
   2.6040000e+01
   2.6160000e+01
   2.6280000e+01
   2.6400000e+01
   2.6520000e+01
   2.6640000e+01
   2.6760000e+01
   2.6880000e+01
   2.7000000e+01
   2.7120000e+01
   2.7240000e+01
   2.7360000e+01
   2.7480000e+01
   2.7600000e+01
   2.7720000e+01
   2.7840000e+01
   2.7960000e+01
   2.8080000e+01
   2.8200000e+01
   2.8320000e+01
   2.8440000e+01
   2.8560000e+01
   2.8680000e+01
   2.8800000e+01
   2.8920000e+01
   2.9040000e+01
   2.9160000e+01
   2.9280000e+01
   2.9400000e+01
   2.9520000e+01
   2.9640000e+01
   2.9760000e+01
   2.9880000e+01
   3.0000000e+01
   3.0120000e+01
   3.0240000e+01
   3.0360000e+01
   3.0480000e+01
   3.0600000e+01
   3.0720000e+01
   3.0840000e+01
   3.0960000e+01
   3.1080000e+01
   3.1200000e+01
   3.1320000e+01
   3.1440000e+01
   3.1560000e+01
   3.1680000e+01
   3.1800000e+01
   3.1920000e+01
   3.2040000e+01
   3.2160000e+01
   3.2280000e+01
   3.2400000e+01
   3.2520000e+01
   3.2640000e+01
   3.2760000e+01
   3.2880000e+01
   3.3000000e+01
   3.3120000e+01
   3.3240000e+01
   3.3360000e+01
   3.3480000e+01
   3.3600000e+01
   3.3720000e+01
   3.3840000e+01
   3.3960000e+01
   3.4080000e+01
   3.4200000e+01
   3.4320000e+01
   3.4440000e+01
   3.4560000e+01
   3.4680000e+01
   3.4800000e+01
   3.4920000e+01
   3.5040000e+01
   3.5160000e+01
   3.5280000e+01
   3.5400000e+01
   3.5520000e+01
   3.5640000e+01
   3.5760000e+01
   3.5880000e+01
   3.6000000e+01
   3.6120000e+01
   3.6240000e+01
   3.6360000e+01
   3.6480000e+01
   3.6600000e+01
   3.6720000e+01
   3.6840000e+01
   3.6960000e+01
   3.7080000e+01
   3.7200000e+01
   3.7320000e+01
   3.7440000e+01
   3.7560000e+01
   3.7680000e+01
   3.7800000e+01
   3.7920000e+01
   3.8040000e+01
   3.8160000e+01
   3.8280000e+01
   3.8400000e+01
   3.8520000e+01
   3.8640000e+01
   3.8760000e+01
   3.8880000e+01
   3.9000000e+01
   3.9120000e+01
   3.9240000e+01
   3.9360000e+01
   3.9480000e+01
   3.9600000e+01
   3.9720000e+01
   3.9840000e+01
   3.9960000e+01
   4.0080000e+01
   4.0200000e+01
   4.0320000e+01
   4.0440000e+01
   4.0560000e+01
   4.0680000e+01
   4.0800000e+01
   4.0920000e+01
   4.1040000e+01
   4.1160000e+01
   4.1280000e+01
   4.1400000e+01
   4.1520000e+01
   4.1640000e+01
   4.1760000e+01
   4.1880000e+01
   4.2000000e+01
   4.2120000e+01
   4.2240000e+01
   4.2360000e+01
   4.2480000e+01
   4.2600000e+01
   4.2720000e+01
   4.2840000e+01
   4.2960000e+01
   4.3080000e+01
   4.3200000e+01
   4.3320000e+01
   4.3440000e+01
   4.3560000e+01
   4.3680000e+01
   4.3800000e+01
   4.3920000e+01
   4.4040000e+01
   4.4160000e+01
   4.4280000e+01
   4.4400000e+01
   4.4520000e+01
   4.4640000e+01
   4.4760000e+01
   4.4880000e+01
   4.5000000e+01
   4.5120000e+01
   4.5240000e+01
   4.5360000e+01
   4.5480000e+01
   4.5600000e+01
   4.5720000e+01
   4.5840000e+01
   4.5960000e+01
   4.6080000e+01
   4.6200000e+01
   4.6320000e+01
   4.6440000e+01
   4.6560000e+01
   4.6680000e+01
   4.6800000e+01
   4.6920000e+01
   4.7040000e+01
   4.7160000e+01
   4.7280000e+01
   4.7400000e+01
   4.7520000e+01
   4.7640000e+01
   4.7760000e+01
   4.7880000e+01
   4.8000000e+01
   4.8120000e+01
   4.8240000e+01
   4.8360000e+01
   4.8480000e+01
   4.8600000e+01
   4.8720000e+01
   4.8840000e+01
   4.8960000e+01
   4.9080000e+01
   4.9200000e+01
   4.9320000e+01
   4.9440000e+01
   4.9560000e+01
   4.9680000e+01
   4.9800000e+01
   4.9920000e+01
   5.0040000e+01
   5.0160000e+01
   5.0280000e+01
   5.0400000e+01
   5.0520000e+01
   5.0640000e+01
   5.0760000e+01
   5.0880000e+01
   5.1000000e+01
   5.1120000e+01
   5.1240000e+01
   5.1360000e+01
   5.1480000e+01
   5.1600000e+01
   5.1720000e+01
   5.1840000e+01
   5.1960000e+01
   5.2080000e+01
   5.2200000e+01
   5.2320000e+01
   5.2440000e+01
   5.2560000e+01
   5.2680000e+01
   5.2800000e+01
   5.2920000e+01
   5.3040000e+01
   5.3160000e+01
   5.3280000e+01
   5.3400000e+01
   5.3520000e+01
   5.3640000e+01
   5.3760000e+01
   5.3880000e+01
   5.4000000e+01
   5.4120000e+01
   5.4240000e+01
   5.4360000e+01
   5.4480000e+01
   5.4600000e+01
   5.4720000e+01
   5.4840000e+01
   5.4960000e+01
   5.5080000e+01
   5.5200000e+01
   5.5320000e+01
   5.5440000e+01
   5.5560000e+01
   5.5680000e+01
   5.5800000e+01
   5.5920000e+01
   5.6040000e+01
   5.6160000e+01
   5.6280000e+01
   5.6400000e+01
   5.6520000e+01
   5.6640000e+01
   5.6760000e+01
   5.6880000e+01
   5.7000000e+01
   5.7120000e+01
   5.7240000e+01
   5.7360000e+01
   5.7480000e+01
   5.7600000e+01
   5.7720000e+01
   5.7840000e+01
   5.7960000e+01
   5.8080000e+01
   5.8200000e+01
   5.8320000e+01
   5.8440000e+01
   5.8560000e+01
   5.8680000e+01
   5.8800000e+01
   5.8920000e+01
   5.9040000e+01
   5.9160000e+01
   5.9280000e+01
   5.9400000e+01
   5.9520000e+01
   5.9640000e+01
   5.9760000e+01
   5.9880000e+01
   6.0000000e+01
   6.0120000e+01
   6.0240000e+01
   6.0360000e+01
   6.0480000e+01
   6.0600000e+01
   6.0720000e+01
   6.0840000e+01
   6.0960000e+01
   6.1080000e+01
   6.1200000e+01
   6.1320000e+01
   6.1440000e+01
   6.1560000e+01
   6.1680000e+01
   6.1800000e+01
   6.1920000e+01
   6.2040000e+01
   6.2160000e+01
   6.2280000e+01
   6.2400000e+01
   6.2520000e+01
   6.2640000e+01
   6.2760000e+01
   6.2880000e+01
   6.3000000e+01
   6.3120000e+01
   6.3240000e+01
   6.3360000e+01
   6.3480000e+01
   6.3600000e+01
   6.3720000e+01
   6.3840000e+01
   6.3960000e+01
   6.4080000e+01
   6.4200000e+01
   6.4320000e+01
   6.4440000e+01
   6.4560000e+01
   6.4680000e+01
   6.4800000e+01
   6.4920000e+01
   6.5040000e+01
   6.5160000e+01
   6.5280000e+01
   6.5400000e+01
   6.5520000e+01
   6.5640000e+01
   6.5760000e+01
   6.5880000e+01
   6.6000000e+01
   6.6120000e+01
   6.6240000e+01
   6.6360000e+01
   6.6480000e+01
   6.6600000e+01
   6.6720000e+01
   6.6840000e+01
   6.6960000e+01
   6.7080000e+01
   6.7200000e+01
   6.7320000e+01
   6.7440000e+01
   6.7560000e+01
   6.7680000e+01
   6.7800000e+01
   6.7920000e+01
   6.8040000e+01
   6.8160000e+01
   6.8280000e+01
   6.8400000e+01
   6.8520000e+01
   6.8640000e+01
   6.8760000e+01
   6.8880000e+01
   6.9000000e+01
   6.9120000e+01
   6.9240000e+01
   6.9360000e+01
   6.9480000e+01
   6.9600000e+01
   6.9720000e+01
   6.9840000e+01
   6.9960000e+01
   7.0080000e+01
   7.0200000e+01
   7.0320000e+01
   7.0440000e+01
   7.0560000e+01
   7.0680000e+01
   7.0800000e+01
   7.0920000e+01
   7.1040000e+01
   7.1160000e+01
   7.1280000e+01
   7.1400000e+01
   7.1520000e+01
   7.1640000e+01
   7.1760000e+01
   7.1880000e+01
   7.2000000e+01
   7.2120000e+01
   7.2240000e+01
   7.2360000e+01
   7.2480000e+01
   7.2600000e+01
   7.2720000e+01
   7.2840000e+01
   7.2960000e+01
   7.3080000e+01
   7.3200000e+01
   7.3320000e+01
   7.3440000e+01
   7.3560000e+01
   7.3680000e+01
   7.3800000e+01
   7.3920000e+01
   7.4040000e+01
   7.4160000e+01
   7.4280000e+01
   7.4400000e+01
   7.4520000e+01
   7.4640000e+01
   7.4760000e+01
   7.4880000e+01
   7.5000000e+01
   7.5120000e+01
   7.5240000e+01
   7.5360000e+01
   7.5480000e+01
   7.5600000e+01
   7.5720000e+01
   7.5840000e+01
   7.5960000e+01
   7.6080000e+01
   7.6200000e+01
   7.6320000e+01
   7.6440000e+01
   7.6560000e+01
   7.6680000e+01
   7.6800000e+01
   7.6920000e+01
   7.7040000e+01
   7.7160000e+01
   7.7280000e+01
   7.7400000e+01
   7.7520000e+01
   7.7640000e+01
   7.7760000e+01
   7.7880000e+01
   7.8000000e+01
   7.8120000e+01
   7.8240000e+01
   7.8360000e+01
   7.8480000e+01
   7.8600000e+01
   7.8720000e+01
   7.8840000e+01
   7.8960000e+01
   7.9080000e+01
   7.9200000e+01
   7.9320000e+01
   7.9440000e+01
   7.9560000e+01
   7.9680000e+01
   7.9800000e+01
   7.9920000e+01
   8.0040000e+01
   8.0160000e+01
   8.0280000e+01
   8.0400000e+01
   8.0520000e+01
   8.0640000e+01
   8.0760000e+01
   8.0880000e+01
   8.1000000e+01
   8.1120000e+01
   8.1240000e+01
   8.1360000e+01
   8.1480000e+01
   8.1600000e+01
   8.1720000e+01
   8.1840000e+01
   8.1960000e+01
   8.2080000e+01
   8.2200000e+01
   8.2320000e+01
   8.2440000e+01
   8.2560000e+01
   8.2680000e+01
   8.2800000e+01
   8.2920000e+01
   8.3040000e+01
   8.3160000e+01
   8.3280000e+01
   8.3400000e+01
   8.3520000e+01
   8.3640000e+01
   8.3760000e+01
   8.3880000e+01
   8.4000000e+01
   8.4120000e+01
   8.4240000e+01
   8.4360000e+01
   8.4480000e+01
   8.4600000e+01
   8.4720000e+01
   8.4840000e+01
   8.4960000e+01
   8.5080000e+01
   8.5200000e+01
   8.5320000e+01
   8.5440000e+01
   8.5560000e+01
   8.5680000e+01
   8.5800000e+01
   8.5920000e+01
   8.6040000e+01
   8.6160000e+01
   8.6280000e+01
   8.6400000e+01
   8.6520000e+01
   8.6640000e+01
   8.6760000e+01
   8.6880000e+01
   8.7000000e+01
   8.7120000e+01
   8.7240000e+01
   8.7360000e+01
   8.7480000e+01
   8.7600000e+01
   8.7720000e+01
   8.7840000e+01
   8.7960000e+01
   8.8080000e+01
   8.8200000e+01
   8.8320000e+01
   8.8440000e+01
   8.8560000e+01
   8.8680000e+01
   8.8800000e+01
   8.8920000e+01
   8.9040000e+01
   8.9160000e+01
   8.9280000e+01
   8.9400000e+01
   8.9520000e+01
   8.9640000e+01
   8.9760000e+01
   8.9880000e+01
   0.0000000e+00
   1.2000000e-01
   2.4000000e-01
   3.6000000e-01
   4.8000000e-01
   6.0000000e-01
   7.2000000e-01
   8.4000000e-01
   9.6000000e-01
   1.0800000e+00
   1.2000000e+00
   1.3200000e+00
   1.4400000e+00
   1.5600000e+00
   1.6800000e+00
   1.8000000e+00
   1.9200000e+00
   2.0400000e+00
   2.1600000e+00
   2.2800000e+00
   2.4000000e+00
   2.5200000e+00
   2.6400000e+00
   2.7600000e+00
   2.8800000e+00
   3.0000000e+00
   3.1200000e+00
   3.2400000e+00
   3.3600000e+00
   3.4800000e+00
   3.6000000e+00
   3.7200000e+00
   3.8400000e+00
   3.9600000e+00
   4.0800000e+00
   4.2000000e+00
   4.3200000e+00
   4.4400000e+00
   4.5600000e+00
   4.6800000e+00
   4.8000000e+00
   4.9200000e+00
   5.0400000e+00
   5.1600000e+00
   5.2800000e+00
   5.4000000e+00
   5.5200000e+00
   5.6400000e+00
   5.7600000e+00
   5.8800000e+00
   6.0000000e+00
   6.1200000e+00
   6.2400000e+00
   6.3600000e+00
   6.4800000e+00
   6.6000000e+00
   6.7200000e+00
   6.8400000e+00
   6.9600000e+00
   7.0800000e+00
   7.2000000e+00
   7.3200000e+00
   7.4400000e+00
   7.5600000e+00
   7.6800000e+00
   7.8000000e+00
   7.9200000e+00
   8.0400000e+00
   8.1600000e+00
   8.2800000e+00
   8.4000000e+00
   8.5200000e+00
   8.6400000e+00
   8.7600000e+00
   8.8800000e+00
   9.0000000e+00
   9.1200000e+00
   9.2400000e+00
   9.3600000e+00
   9.4800000e+00
   9.6000000e+00
   9.7200000e+00
   9.8400000e+00
   9.9600000e+00
   1.0080000e+01
   1.0200000e+01
   1.0320000e+01
   1.0440000e+01
   1.0560000e+01
   1.0680000e+01
   1.0800000e+01
   1.0920000e+01
   1.1040000e+01
   1.1160000e+01
   1.1280000e+01
   1.1400000e+01
   1.1520000e+01
   1.1640000e+01
   1.1760000e+01
   1.1880000e+01
   1.2000000e+01
   1.2120000e+01
   1.2240000e+01
   1.2360000e+01
   1.2480000e+01
   1.2600000e+01
   1.2720000e+01
   1.2840000e+01
   1.2960000e+01
   1.3080000e+01
   1.3200000e+01
   1.3320000e+01
   1.3440000e+01
   1.3560000e+01
   1.3680000e+01
   1.3800000e+01
   1.3920000e+01
   1.4040000e+01
   1.4160000e+01
   1.4280000e+01
   1.4400000e+01
   1.4520000e+01
   1.4640000e+01
   1.4760000e+01
   1.4880000e+01
   1.5000000e+01
   1.5120000e+01
   1.5240000e+01
   1.5360000e+01
   1.5480000e+01
   1.5600000e+01
   1.5720000e+01
   1.5840000e+01
   1.5960000e+01
   1.6080000e+01
   1.6200000e+01
   1.6320000e+01
   1.6440000e+01
   1.6560000e+01
   1.6680000e+01
   1.6800000e+01
   1.6920000e+01
   1.7040000e+01
   1.7160000e+01
   1.7280000e+01
   1.7400000e+01
   1.7520000e+01
   1.7640000e+01
   1.7760000e+01
   1.7880000e+01
   1.8000000e+01
   1.8120000e+01
   1.8240000e+01
   1.8360000e+01
   1.8480000e+01
   1.8600000e+01
   1.8720000e+01
   1.8840000e+01
   1.8960000e+01
   1.9080000e+01
   1.9200000e+01
   1.9320000e+01
   1.9440000e+01
   1.9560000e+01
   1.9680000e+01
   1.9800000e+01
   1.9920000e+01
   2.0040000e+01
   2.0160000e+01
   2.0280000e+01
   2.0400000e+01
   2.0520000e+01
   2.0640000e+01
   2.0760000e+01
   2.0880000e+01
   2.1000000e+01
   2.1120000e+01
   2.1240000e+01
   2.1360000e+01
   2.1480000e+01
   2.1600000e+01
   2.1720000e+01
   2.1840000e+01
   2.1960000e+01
   2.2080000e+01
   2.2200000e+01
   2.2320000e+01
   2.2440000e+01
   2.2560000e+01
   2.2680000e+01
   2.2800000e+01
   2.2920000e+01
   2.3040000e+01
   2.3160000e+01
   2.3280000e+01
   2.3400000e+01
   2.3520000e+01
   2.3640000e+01
   2.3760000e+01
   2.3880000e+01
   2.4000000e+01
   2.4120000e+01
   2.4240000e+01
   2.4360000e+01
   2.4480000e+01
   2.4600000e+01
   2.4720000e+01
   2.4840000e+01
   2.4960000e+01
   2.5080000e+01
   2.5200000e+01
   2.5320000e+01
   2.5440000e+01
   2.5560000e+01
   2.5680000e+01
   2.5800000e+01
   2.5920000e+01
   2.6040000e+01
   2.6160000e+01
   2.6280000e+01
   2.6400000e+01
   2.6520000e+01
   2.6640000e+01
   2.6760000e+01
   2.6880000e+01
   2.7000000e+01
   2.7120000e+01
   2.7240000e+01
   2.7360000e+01
   2.7480000e+01
   2.7600000e+01
   2.7720000e+01
   2.7840000e+01
   2.7960000e+01
   2.8080000e+01
   2.8200000e+01
   2.8320000e+01
   2.8440000e+01
   2.8560000e+01
   2.8680000e+01
   2.8800000e+01
   2.8920000e+01
   2.9040000e+01
   2.9160000e+01
   2.9280000e+01
   2.9400000e+01
   2.9520000e+01
   2.9640000e+01
   2.9760000e+01
   2.9880000e+01
   3.0000000e+01
   3.0120000e+01
   3.0240000e+01
   3.0360000e+01
   3.0480000e+01
   3.0600000e+01
   3.0720000e+01
   3.0840000e+01
   3.0960000e+01
   3.1080000e+01
   3.1200000e+01
   3.1320000e+01
   3.1440000e+01
   3.1560000e+01
   3.1680000e+01
   3.1800000e+01
   3.1920000e+01
   3.2040000e+01
   3.2160000e+01
   3.2280000e+01
   3.2400000e+01
   3.2520000e+01
   3.2640000e+01
   3.2760000e+01
   3.2880000e+01
   3.3000000e+01
   3.3120000e+01
   3.3240000e+01
   3.3360000e+01
   3.3480000e+01
   3.3600000e+01
   3.3720000e+01
   3.3840000e+01
   3.3960000e+01
   3.4080000e+01
   3.4200000e+01
   3.4320000e+01
   3.4440000e+01
   3.4560000e+01
   3.4680000e+01
   3.4800000e+01
   3.4920000e+01
   3.5040000e+01
   3.5160000e+01
   3.5280000e+01
   3.5400000e+01
   3.5520000e+01
   3.5640000e+01
   3.5760000e+01
   3.5880000e+01
   3.6000000e+01
   3.6120000e+01
   3.6240000e+01
   3.6360000e+01
   3.6480000e+01
   3.6600000e+01
   3.6720000e+01
   3.6840000e+01
   3.6960000e+01
   3.7080000e+01
   3.7200000e+01
   3.7320000e+01
   3.7440000e+01
   3.7560000e+01
   3.7680000e+01
   3.7800000e+01
   3.7920000e+01
   3.8040000e+01
   3.8160000e+01
   3.8280000e+01
   3.8400000e+01
   3.8520000e+01
   3.8640000e+01
   3.8760000e+01
   3.8880000e+01
   3.9000000e+01
   3.9120000e+01
   3.9240000e+01
   3.9360000e+01
   3.9480000e+01
   3.9600000e+01
   3.9720000e+01
   3.9840000e+01
   3.9960000e+01
   4.0080000e+01
   4.0200000e+01
   4.0320000e+01
   4.0440000e+01
   4.0560000e+01
   4.0680000e+01
   4.0800000e+01
   4.0920000e+01
   4.1040000e+01
   4.1160000e+01
   4.1280000e+01
   4.1400000e+01
   4.1520000e+01
   4.1640000e+01
   4.1760000e+01
   4.1880000e+01
   4.2000000e+01
   4.2120000e+01
   4.2240000e+01
   4.2360000e+01
   4.2480000e+01
   4.2600000e+01
   4.2720000e+01
   4.2840000e+01
   4.2960000e+01
   4.3080000e+01
   4.3200000e+01
   4.3320000e+01
   4.3440000e+01
   4.3560000e+01
   4.3680000e+01
   4.3800000e+01
   4.3920000e+01
   4.4040000e+01
   4.4160000e+01
   4.4280000e+01
   4.4400000e+01
   4.4520000e+01
   4.4640000e+01
   4.4760000e+01
   4.4880000e+01
   4.5000000e+01
   4.5120000e+01
   4.5240000e+01
   4.5360000e+01
   4.5480000e+01
   4.5600000e+01
   4.5720000e+01
   4.5840000e+01
   4.5960000e+01
   4.6080000e+01
   4.6200000e+01
   4.6320000e+01
   4.6440000e+01
   4.6560000e+01
   4.6680000e+01
   4.6800000e+01
   4.6920000e+01
   4.7040000e+01
   4.7160000e+01
   4.7280000e+01
   4.7400000e+01
   4.7520000e+01
   4.7640000e+01
   4.7760000e+01
   4.7880000e+01
   4.8000000e+01
   4.8120000e+01
   4.8240000e+01
   4.8360000e+01
   4.8480000e+01
   4.8600000e+01
   4.8720000e+01
   4.8840000e+01
   4.8960000e+01
   4.9080000e+01
   4.9200000e+01
   4.9320000e+01
   4.9440000e+01
   4.9560000e+01
   4.9680000e+01
   4.9800000e+01
   4.9920000e+01
   5.0040000e+01
   5.0160000e+01
   5.0280000e+01
   5.0400000e+01
   5.0520000e+01
   5.0640000e+01
   5.0760000e+01
   5.0880000e+01
   5.1000000e+01
   5.1120000e+01
   5.1240000e+01
   5.1360000e+01
   5.1480000e+01
   5.1600000e+01
   5.1720000e+01
   5.1840000e+01
   5.1960000e+01
   5.2080000e+01
   5.2200000e+01
   5.2320000e+01
   5.2440000e+01
   5.2560000e+01
   5.2680000e+01
   5.2800000e+01
   5.2920000e+01
   5.3040000e+01
   5.3160000e+01
   5.3280000e+01
   5.3400000e+01
   5.3520000e+01
   5.3640000e+01
   5.3760000e+01
   5.3880000e+01
   5.4000000e+01
   5.4120000e+01
   5.4240000e+01
   5.4360000e+01
   5.4480000e+01
   5.4600000e+01
   5.4720000e+01
   5.4840000e+01
   5.4960000e+01
   5.5080000e+01
   5.5200000e+01
   5.5320000e+01
   5.5440000e+01
   5.5560000e+01
   5.5680000e+01
   5.5800000e+01
   5.5920000e+01
   5.6040000e+01
   5.6160000e+01
   5.6280000e+01
   5.6400000e+01
   5.6520000e+01
   5.6640000e+01
   5.6760000e+01
   5.6880000e+01
   5.7000000e+01
   5.7120000e+01
   5.7240000e+01
   5.7360000e+01
   5.7480000e+01
   5.7600000e+01
   5.7720000e+01
   5.7840000e+01
   5.7960000e+01
   5.8080000e+01
   5.8200000e+01
   5.8320000e+01
   5.8440000e+01
   5.8560000e+01
   5.8680000e+01
   5.8800000e+01
   5.8920000e+01
   5.9040000e+01
   5.9160000e+01
   5.9280000e+01
   5.9400000e+01
   5.9520000e+01
   5.9640000e+01
   5.9760000e+01
   5.9880000e+01
   6.0000000e+01
   6.0120000e+01
   6.0240000e+01
   6.0360000e+01
   6.0480000e+01
   6.0600000e+01
   6.0720000e+01
   6.0840000e+01
   6.0960000e+01
   6.1080000e+01
   6.1200000e+01
   6.1320000e+01
   6.1440000e+01
   6.1560000e+01
   6.1680000e+01
   6.1800000e+01
   6.1920000e+01
   6.2040000e+01
   6.2160000e+01
   6.2280000e+01
   6.2400000e+01
   6.2520000e+01
   6.2640000e+01
   6.2760000e+01
   6.2880000e+01
   6.3000000e+01
   6.3120000e+01
   6.3240000e+01
   6.3360000e+01
   6.3480000e+01
   6.3600000e+01
   6.3720000e+01
   6.3840000e+01
   6.3960000e+01
   6.4080000e+01
   6.4200000e+01
   6.4320000e+01
   6.4440000e+01
   6.4560000e+01
   6.4680000e+01
   6.4800000e+01
   6.4920000e+01
   6.5040000e+01
   6.5160000e+01
   6.5280000e+01
   6.5400000e+01
   6.5520000e+01
   6.5640000e+01
   6.5760000e+01
   6.5880000e+01
   6.6000000e+01
   6.6120000e+01
   6.6240000e+01
   6.6360000e+01
   6.6480000e+01
   6.6600000e+01
   6.6720000e+01
   6.6840000e+01
   6.6960000e+01
   6.7080000e+01
   6.7200000e+01
   6.7320000e+01
   6.7440000e+01
   6.7560000e+01
   6.7680000e+01
   6.7800000e+01
   6.7920000e+01
   6.8040000e+01
   6.8160000e+01
   6.8280000e+01
   6.8400000e+01
   6.8520000e+01
   6.8640000e+01
   6.8760000e+01
   6.8880000e+01
   6.9000000e+01
   6.9120000e+01
   6.9240000e+01
   6.9360000e+01
   6.9480000e+01
   6.9600000e+01
   6.9720000e+01
   6.9840000e+01
   6.9960000e+01
   7.0080000e+01
   7.0200000e+01
   7.0320000e+01
   7.0440000e+01
   7.0560000e+01
   7.0680000e+01
   7.0800000e+01
   7.0920000e+01
   7.1040000e+01
   7.1160000e+01
   7.1280000e+01
   7.1400000e+01
   7.1520000e+01
   7.1640000e+01
   7.1760000e+01
   7.1880000e+01
   7.2000000e+01
   7.2120000e+01
   7.2240000e+01
   7.2360000e+01
   7.2480000e+01
   7.2600000e+01
   7.2720000e+01
   7.2840000e+01
   7.2960000e+01
   7.3080000e+01
   7.3200000e+01
   7.3320000e+01
   7.3440000e+01
   7.3560000e+01
   7.3680000e+01
   7.3800000e+01
   7.3920000e+01
   7.4040000e+01
   7.4160000e+01
   7.4280000e+01
   7.4400000e+01
   7.4520000e+01
   7.4640000e+01
   7.4760000e+01
   7.4880000e+01
   7.5000000e+01
   7.5120000e+01
   7.5240000e+01
   7.5360000e+01
   7.5480000e+01
   7.5600000e+01
   7.5720000e+01
   7.5840000e+01
   7.5960000e+01
   7.6080000e+01
   7.6200000e+01
   7.6320000e+01
   7.6440000e+01
   7.6560000e+01
   7.6680000e+01
   7.6800000e+01
   7.6920000e+01
   7.7040000e+01
   7.7160000e+01
   7.7280000e+01
   7.7400000e+01
   7.7520000e+01
   7.7640000e+01
   7.7760000e+01
   7.7880000e+01
   7.8000000e+01
   7.8120000e+01
   7.8240000e+01
   7.8360000e+01
   7.8480000e+01
   7.8600000e+01
   7.8720000e+01
   7.8840000e+01
   7.8960000e+01
   7.9080000e+01
   7.9200000e+01
   7.9320000e+01
   7.9440000e+01
   7.9560000e+01
   7.9680000e+01
   7.9800000e+01
   7.9920000e+01
   8.0040000e+01
   8.0160000e+01
   8.0280000e+01
   8.0400000e+01
   8.0520000e+01
   8.0640000e+01
   8.0760000e+01
   8.0880000e+01
   8.1000000e+01
   8.1120000e+01
   8.1240000e+01
   8.1360000e+01
   8.1480000e+01
   8.1600000e+01
   8.1720000e+01
   8.1840000e+01
   8.1960000e+01
   8.2080000e+01
   8.2200000e+01
   8.2320000e+01
   8.2440000e+01
   8.2560000e+01
   8.2680000e+01
   8.2800000e+01
   8.2920000e+01
   8.3040000e+01
   8.3160000e+01
   8.3280000e+01
   8.3400000e+01
   8.3520000e+01
   8.3640000e+01
   8.3760000e+01
   8.3880000e+01
   8.4000000e+01
   8.4120000e+01
   8.4240000e+01
   8.4360000e+01
   8.4480000e+01
   8.4600000e+01
   8.4720000e+01
   8.4840000e+01
   8.4960000e+01
   8.5080000e+01
   8.5200000e+01
   8.5320000e+01
   8.5440000e+01
   8.5560000e+01
   8.5680000e+01
   8.5800000e+01
   8.5920000e+01
   8.6040000e+01
   8.6160000e+01
   8.6280000e+01
   8.6400000e+01
   8.6520000e+01
   8.6640000e+01
   8.6760000e+01
   8.6880000e+01
   8.7000000e+01
   8.7120000e+01
   8.7240000e+01
   8.7360000e+01
   8.7480000e+01
   8.7600000e+01
   8.7720000e+01
   8.7840000e+01
   8.7960000e+01
   8.8080000e+01
   8.8200000e+01
   8.8320000e+01
   8.8440000e+01
   8.8560000e+01
   8.8680000e+01
   8.8800000e+01
   8.8920000e+01
   8.9040000e+01
   8.9160000e+01
   8.9280000e+01
   8.9400000e+01
   8.9520000e+01
   8.9640000e+01
   8.9760000e+01
   8.9880000e+01
   0.0000000e+00
   1.2000000e-01
   2.4000000e-01
   3.6000000e-01
   4.8000000e-01
   6.0000000e-01
   7.2000000e-01
   8.4000000e-01
   9.6000000e-01
   1.0800000e+00
   1.2000000e+00
   1.3200000e+00
   1.4400000e+00
   1.5600000e+00
   1.6800000e+00
   1.8000000e+00
   1.9200000e+00
   2.0400000e+00
   2.1600000e+00
   2.2800000e+00
   2.4000000e+00
   2.5200000e+00
   2.6400000e+00
   2.7600000e+00
   2.8800000e+00
   3.0000000e+00
   3.1200000e+00
   3.2400000e+00
   3.3600000e+00
   3.4800000e+00
   3.6000000e+00
   3.7200000e+00
   3.8400000e+00
   3.9600000e+00
   4.0800000e+00
   4.2000000e+00
   4.3200000e+00
   4.4400000e+00
   4.5600000e+00
   4.6800000e+00
   4.8000000e+00
   4.9200000e+00
   5.0400000e+00
   5.1600000e+00
   5.2800000e+00
   5.4000000e+00
   5.5200000e+00
   5.6400000e+00
   5.7600000e+00
   5.8800000e+00
   6.0000000e+00
   6.1200000e+00
   6.2400000e+00
   6.3600000e+00
   6.4800000e+00
   6.6000000e+00
   6.7200000e+00
   6.8400000e+00
   6.9600000e+00
   7.0800000e+00
   7.2000000e+00
   7.3200000e+00
   7.4400000e+00
   7.5600000e+00
   7.6800000e+00
   7.8000000e+00
   7.9200000e+00
   8.0400000e+00
   8.1600000e+00
   8.2800000e+00
   8.4000000e+00
   8.5200000e+00
   8.6400000e+00
   8.7600000e+00
   8.8800000e+00
   9.0000000e+00
   9.1200000e+00
   9.2400000e+00
   9.3600000e+00
   9.4800000e+00
   9.6000000e+00
   9.7200000e+00
   9.8400000e+00
   9.9600000e+00
   1.0080000e+01
   1.0200000e+01
   1.0320000e+01
   1.0440000e+01
   1.0560000e+01
   1.0680000e+01
   1.0800000e+01
   1.0920000e+01
   1.1040000e+01
   1.1160000e+01
   1.1280000e+01
   1.1400000e+01
   1.1520000e+01
   1.1640000e+01
   1.1760000e+01
   1.1880000e+01
   1.2000000e+01
   1.2120000e+01
   1.2240000e+01
   1.2360000e+01
   1.2480000e+01
   1.2600000e+01
   1.2720000e+01
   1.2840000e+01
   1.2960000e+01
   1.3080000e+01
   1.3200000e+01
   1.3320000e+01
   1.3440000e+01
   1.3560000e+01
   1.3680000e+01
   1.3800000e+01
   1.3920000e+01
   1.4040000e+01
   1.4160000e+01
   1.4280000e+01
   1.4400000e+01
   1.4520000e+01
   1.4640000e+01
   1.4760000e+01
   1.4880000e+01
   1.5000000e+01
   1.5120000e+01
   1.5240000e+01
   1.5360000e+01
   1.5480000e+01
   1.5600000e+01
   1.5720000e+01
   1.5840000e+01
   1.5960000e+01
   1.6080000e+01
   1.6200000e+01
   1.6320000e+01
   1.6440000e+01
   1.6560000e+01
   1.6680000e+01
   1.6800000e+01
   1.6920000e+01
   1.7040000e+01
   1.7160000e+01
   1.7280000e+01
   1.7400000e+01
   1.7520000e+01
   1.7640000e+01
   1.7760000e+01
   1.7880000e+01
   1.8000000e+01
   1.8120000e+01
   1.8240000e+01
   1.8360000e+01
   1.8480000e+01
   1.8600000e+01
   1.8720000e+01
   1.8840000e+01
   1.8960000e+01
   1.9080000e+01
   1.9200000e+01
   1.9320000e+01
   1.9440000e+01
   1.9560000e+01
   1.9680000e+01
   1.9800000e+01
   1.9920000e+01
   2.0040000e+01
   2.0160000e+01
   2.0280000e+01
   2.0400000e+01
   2.0520000e+01
   2.0640000e+01
   2.0760000e+01
   2.0880000e+01
   2.1000000e+01
   2.1120000e+01
   2.1240000e+01
   2.1360000e+01
   2.1480000e+01
   2.1600000e+01
   2.1720000e+01
   2.1840000e+01
   2.1960000e+01
   2.2080000e+01
   2.2200000e+01
   2.2320000e+01
   2.2440000e+01
   2.2560000e+01
   2.2680000e+01
   2.2800000e+01
   2.2920000e+01
   2.3040000e+01
   2.3160000e+01
   2.3280000e+01
   2.3400000e+01
   2.3520000e+01
   2.3640000e+01
   2.3760000e+01
   2.3880000e+01
   2.4000000e+01
   2.4120000e+01
   2.4240000e+01
   2.4360000e+01
   2.4480000e+01
   2.4600000e+01
   2.4720000e+01
   2.4840000e+01
   2.4960000e+01
   2.5080000e+01
   2.5200000e+01
   2.5320000e+01
   2.5440000e+01
   2.5560000e+01
   2.5680000e+01
   2.5800000e+01
   2.5920000e+01
   2.6040000e+01
   2.6160000e+01
   2.6280000e+01
   2.6400000e+01
   2.6520000e+01
   2.6640000e+01
   2.6760000e+01
   2.6880000e+01
   2.7000000e+01
   2.7120000e+01
   2.7240000e+01
   2.7360000e+01
   2.7480000e+01
   2.7600000e+01
   2.7720000e+01
   2.7840000e+01
   2.7960000e+01
   2.8080000e+01
   2.8200000e+01
   2.8320000e+01
   2.8440000e+01
   2.8560000e+01
   2.8680000e+01
   2.8800000e+01
   2.8920000e+01
   2.9040000e+01
   2.9160000e+01
   2.9280000e+01
   2.9400000e+01
   2.9520000e+01
   2.9640000e+01
   2.9760000e+01
   2.9880000e+01
   3.0000000e+01
   3.0120000e+01
   3.0240000e+01
   3.0360000e+01
   3.0480000e+01
   3.0600000e+01
   3.0720000e+01
   3.0840000e+01
   3.0960000e+01
   3.1080000e+01
   3.1200000e+01
   3.1320000e+01
   3.1440000e+01
   3.1560000e+01
   3.1680000e+01
   3.1800000e+01
   3.1920000e+01
   3.2040000e+01
   3.2160000e+01
   3.2280000e+01
   3.2400000e+01
   3.2520000e+01
   3.2640000e+01
   3.2760000e+01
   3.2880000e+01
   3.3000000e+01
   3.3120000e+01
   3.3240000e+01
   3.3360000e+01
   3.3480000e+01
   3.3600000e+01
   3.3720000e+01
   3.3840000e+01
   3.3960000e+01
   3.4080000e+01
   3.4200000e+01
   3.4320000e+01
   3.4440000e+01
   3.4560000e+01
   3.4680000e+01
   3.4800000e+01
   3.4920000e+01
   3.5040000e+01
   3.5160000e+01
   3.5280000e+01
   3.5400000e+01
   3.5520000e+01
   3.5640000e+01
   3.5760000e+01
   3.5880000e+01
   3.6000000e+01
   3.6120000e+01
   3.6240000e+01
   3.6360000e+01
   3.6480000e+01
   3.6600000e+01
   3.6720000e+01
   3.6840000e+01
   3.6960000e+01
   3.7080000e+01
   3.7200000e+01
   3.7320000e+01
   3.7440000e+01
   3.7560000e+01
   3.7680000e+01
   3.7800000e+01
   3.7920000e+01
   3.8040000e+01
   3.8160000e+01
   3.8280000e+01
   3.8400000e+01
   3.8520000e+01
   3.8640000e+01
   3.8760000e+01
   3.8880000e+01
   3.9000000e+01
   3.9120000e+01
   3.9240000e+01
   3.9360000e+01
   3.9480000e+01
   3.9600000e+01
   3.9720000e+01
   3.9840000e+01
   3.9960000e+01
   4.0080000e+01
   4.0200000e+01
   4.0320000e+01
   4.0440000e+01
   4.0560000e+01
   4.0680000e+01
   4.0800000e+01
   4.0920000e+01
   4.1040000e+01
   4.1160000e+01
   4.1280000e+01
   4.1400000e+01
   4.1520000e+01
   4.1640000e+01
   4.1760000e+01
   4.1880000e+01
   4.2000000e+01
   4.2120000e+01
   4.2240000e+01
   4.2360000e+01
   4.2480000e+01
   4.2600000e+01
   4.2720000e+01
   4.2840000e+01
   4.2960000e+01
   4.3080000e+01
   4.3200000e+01
   4.3320000e+01
   4.3440000e+01
   4.3560000e+01
   4.3680000e+01
   4.3800000e+01
   4.3920000e+01
   4.4040000e+01
   4.4160000e+01
   4.4280000e+01
   4.4400000e+01
   4.4520000e+01
   4.4640000e+01
   4.4760000e+01
   4.4880000e+01
   4.5000000e+01
   4.5120000e+01
   4.5240000e+01
   4.5360000e+01
   4.5480000e+01
   4.5600000e+01
   4.5720000e+01
   4.5840000e+01
   4.5960000e+01
   4.6080000e+01
   4.6200000e+01
   4.6320000e+01
   4.6440000e+01
   4.6560000e+01
   4.6680000e+01
   4.6800000e+01
   4.6920000e+01
   4.7040000e+01
   4.7160000e+01
   4.7280000e+01
   4.7400000e+01
   4.7520000e+01
   4.7640000e+01
   4.7760000e+01
   4.7880000e+01
   4.8000000e+01
   4.8120000e+01
   4.8240000e+01
   4.8360000e+01
   4.8480000e+01
   4.8600000e+01
   4.8720000e+01
   4.8840000e+01
   4.8960000e+01
   4.9080000e+01
   4.9200000e+01
   4.9320000e+01
   4.9440000e+01
   4.9560000e+01
   4.9680000e+01
   4.9800000e+01
   4.9920000e+01
   5.0040000e+01
   5.0160000e+01
   5.0280000e+01
   5.0400000e+01
   5.0520000e+01
   5.0640000e+01
   5.0760000e+01
   5.0880000e+01
   5.1000000e+01
   5.1120000e+01
   5.1240000e+01
   5.1360000e+01
   5.1480000e+01
   5.1600000e+01
   5.1720000e+01
   5.1840000e+01
   5.1960000e+01
   5.2080000e+01
   5.2200000e+01
   5.2320000e+01
   5.2440000e+01
   5.2560000e+01
   5.2680000e+01
   5.2800000e+01
   5.2920000e+01
   5.3040000e+01
   5.3160000e+01
   5.3280000e+01
   5.3400000e+01
   5.3520000e+01
   5.3640000e+01
   5.3760000e+01
   5.3880000e+01
   5.4000000e+01
   5.4120000e+01
   5.4240000e+01
   5.4360000e+01
   5.4480000e+01
   5.4600000e+01
   5.4720000e+01
   5.4840000e+01
   5.4960000e+01
   5.5080000e+01
   5.5200000e+01
   5.5320000e+01
   5.5440000e+01
   5.5560000e+01
   5.5680000e+01
   5.5800000e+01
   5.5920000e+01
   5.6040000e+01
   5.6160000e+01
   5.6280000e+01
   5.6400000e+01
   5.6520000e+01
   5.6640000e+01
   5.6760000e+01
   5.6880000e+01
   5.7000000e+01
   5.7120000e+01
   5.7240000e+01
   5.7360000e+01
   5.7480000e+01
   5.7600000e+01
   5.7720000e+01
   5.7840000e+01
   5.7960000e+01
   5.8080000e+01
   5.8200000e+01
   5.8320000e+01
   5.8440000e+01
   5.8560000e+01
   5.8680000e+01
   5.8800000e+01
   5.8920000e+01
   5.9040000e+01
   5.9160000e+01
   5.9280000e+01
   5.9400000e+01
   5.9520000e+01
   5.9640000e+01
   5.9760000e+01
   5.9880000e+01
   6.0000000e+01
   6.0120000e+01
   6.0240000e+01
   6.0360000e+01
   6.0480000e+01
   6.0600000e+01
   6.0720000e+01
   6.0840000e+01
   6.0960000e+01
   6.1080000e+01
   6.1200000e+01
   6.1320000e+01
   6.1440000e+01
   6.1560000e+01
   6.1680000e+01
   6.1800000e+01
   6.1920000e+01
   6.2040000e+01
   6.2160000e+01
   6.2280000e+01
   6.2400000e+01
   6.2520000e+01
   6.2640000e+01
   6.2760000e+01
   6.2880000e+01
   6.3000000e+01
   6.3120000e+01
   6.3240000e+01
   6.3360000e+01
   6.3480000e+01
   6.3600000e+01
   6.3720000e+01
   6.3840000e+01
   6.3960000e+01
   6.4080000e+01
   6.4200000e+01
   6.4320000e+01
   6.4440000e+01
   6.4560000e+01
   6.4680000e+01
   6.4800000e+01
   6.4920000e+01
   6.5040000e+01
   6.5160000e+01
   6.5280000e+01
   6.5400000e+01
   6.5520000e+01
   6.5640000e+01
   6.5760000e+01
   6.5880000e+01
   6.6000000e+01
   6.6120000e+01
   6.6240000e+01
   6.6360000e+01
   6.6480000e+01
   6.6600000e+01
   6.6720000e+01
   6.6840000e+01
   6.6960000e+01
   6.7080000e+01
   6.7200000e+01
   6.7320000e+01
   6.7440000e+01
   6.7560000e+01
   6.7680000e+01
   6.7800000e+01
   6.7920000e+01
   6.8040000e+01
   6.8160000e+01
   6.8280000e+01
   6.8400000e+01
   6.8520000e+01
   6.8640000e+01
   6.8760000e+01
   6.8880000e+01
   6.9000000e+01
   6.9120000e+01
   6.9240000e+01
   6.9360000e+01
   6.9480000e+01
   6.9600000e+01
   6.9720000e+01
   6.9840000e+01
   6.9960000e+01
   7.0080000e+01
   7.0200000e+01
   7.0320000e+01
   7.0440000e+01
   7.0560000e+01
   7.0680000e+01
   7.0800000e+01
   7.0920000e+01
   7.1040000e+01
   7.1160000e+01
   7.1280000e+01
   7.1400000e+01
   7.1520000e+01
   7.1640000e+01
   7.1760000e+01
   7.1880000e+01
   7.2000000e+01
   7.2120000e+01
   7.2240000e+01
   7.2360000e+01
   7.2480000e+01
   7.2600000e+01
   7.2720000e+01
   7.2840000e+01
   7.2960000e+01
   7.3080000e+01
   7.3200000e+01
   7.3320000e+01
   7.3440000e+01
   7.3560000e+01
   7.3680000e+01
   7.3800000e+01
   7.3920000e+01
   7.4040000e+01
   7.4160000e+01
   7.4280000e+01
   7.4400000e+01
   7.4520000e+01
   7.4640000e+01
   7.4760000e+01
   7.4880000e+01
   7.5000000e+01
   7.5120000e+01
   7.5240000e+01
   7.5360000e+01
   7.5480000e+01
   7.5600000e+01
   7.5720000e+01
   7.5840000e+01
   7.5960000e+01
   7.6080000e+01
   7.6200000e+01
   7.6320000e+01
   7.6440000e+01
   7.6560000e+01
   7.6680000e+01
   7.6800000e+01
   7.6920000e+01
   7.7040000e+01
   7.7160000e+01
   7.7280000e+01
   7.7400000e+01
   7.7520000e+01
   7.7640000e+01
   7.7760000e+01
   7.7880000e+01
   7.8000000e+01
   7.8120000e+01
   7.8240000e+01
   7.8360000e+01
   7.8480000e+01
   7.8600000e+01
   7.8720000e+01
   7.8840000e+01
   7.8960000e+01
   7.9080000e+01
   7.9200000e+01
   7.9320000e+01
   7.9440000e+01
   7.9560000e+01
   7.9680000e+01
   7.9800000e+01
   7.9920000e+01
   8.0040000e+01
   8.0160000e+01
   8.0280000e+01
   8.0400000e+01
   8.0520000e+01
   8.0640000e+01
   8.0760000e+01
   8.0880000e+01
   8.1000000e+01
   8.1120000e+01
   8.1240000e+01
   8.1360000e+01
   8.1480000e+01
   8.1600000e+01
   8.1720000e+01
   8.1840000e+01
   8.1960000e+01
   8.2080000e+01
   8.2200000e+01
   8.2320000e+01
   8.2440000e+01
   8.2560000e+01
   8.2680000e+01
   8.2800000e+01
   8.2920000e+01
   8.3040000e+01
   8.3160000e+01
   8.3280000e+01
   8.3400000e+01
   8.3520000e+01
   8.3640000e+01
   8.3760000e+01
   8.3880000e+01
   8.4000000e+01
   8.4120000e+01
   8.4240000e+01
   8.4360000e+01
   8.4480000e+01
   8.4600000e+01
   8.4720000e+01
   8.4840000e+01
   8.4960000e+01
   8.5080000e+01
   8.5200000e+01
   8.5320000e+01
   8.5440000e+01
   8.5560000e+01
   8.5680000e+01
   8.5800000e+01
   8.5920000e+01
   8.6040000e+01
   8.6160000e+01
   8.6280000e+01
   8.6400000e+01
   8.6520000e+01
   8.6640000e+01
   8.6760000e+01
   8.6880000e+01
   8.7000000e+01
   8.7120000e+01
   8.7240000e+01
   8.7360000e+01
   8.7480000e+01
   8.7600000e+01
   8.7720000e+01
   8.7840000e+01
   8.7960000e+01
   8.8080000e+01
   8.8200000e+01
   8.8320000e+01
   8.8440000e+01
   8.8560000e+01
   8.8680000e+01
   8.8800000e+01
   8.8920000e+01
   8.9040000e+01
   8.9160000e+01
   8.9280000e+01
   8.9400000e+01
   8.9520000e+01
   8.9640000e+01
   8.9760000e+01
   8.9880000e+01
   0.0000000e+00
   1.2000000e-01
   2.4000000e-01
   3.6000000e-01
   4.8000000e-01
   6.0000000e-01
   7.2000000e-01
   8.4000000e-01
   9.6000000e-01
   1.0800000e+00
   1.2000000e+00
   1.3200000e+00
   1.4400000e+00
   1.5600000e+00
   1.6800000e+00
   1.8000000e+00
   1.9200000e+00
   2.0400000e+00
   2.1600000e+00
   2.2800000e+00
   2.4000000e+00
   2.5200000e+00
   2.6400000e+00
   2.7600000e+00
   2.8800000e+00
   3.0000000e+00
   3.1200000e+00
   3.2400000e+00
   3.3600000e+00
   3.4800000e+00
   3.6000000e+00
   3.7200000e+00
   3.8400000e+00
   3.9600000e+00
   4.0800000e+00
   4.2000000e+00
   4.3200000e+00
   4.4400000e+00
   4.5600000e+00
   4.6800000e+00
   4.8000000e+00
   4.9200000e+00
   5.0400000e+00
   5.1600000e+00
   5.2800000e+00
   5.4000000e+00
   5.5200000e+00
   5.6400000e+00
   5.7600000e+00
   5.8800000e+00
   6.0000000e+00
   6.1200000e+00
   6.2400000e+00
   6.3600000e+00
   6.4800000e+00
   6.6000000e+00
   6.7200000e+00
   6.8400000e+00
   6.9600000e+00
   7.0800000e+00
   7.2000000e+00
   7.3200000e+00
   7.4400000e+00
   7.5600000e+00
   7.6800000e+00
   7.8000000e+00
   7.9200000e+00
   8.0400000e+00
   8.1600000e+00
   8.2800000e+00
   8.4000000e+00
   8.5200000e+00
   8.6400000e+00
   8.7600000e+00
   8.8800000e+00
   9.0000000e+00
   9.1200000e+00
   9.2400000e+00
   9.3600000e+00
   9.4800000e+00
   9.6000000e+00
   9.7200000e+00
   9.8400000e+00
   9.9600000e+00
   1.0080000e+01
   1.0200000e+01
   1.0320000e+01
   1.0440000e+01
   1.0560000e+01
   1.0680000e+01
   1.0800000e+01
   1.0920000e+01
   1.1040000e+01
   1.1160000e+01
   1.1280000e+01
   1.1400000e+01
   1.1520000e+01
   1.1640000e+01
   1.1760000e+01
   1.1880000e+01
   1.2000000e+01
   1.2120000e+01
   1.2240000e+01
   1.2360000e+01
   1.2480000e+01
   1.2600000e+01
   1.2720000e+01
   1.2840000e+01
   1.2960000e+01
   1.3080000e+01
   1.3200000e+01
   1.3320000e+01
   1.3440000e+01
   1.3560000e+01
   1.3680000e+01
   1.3800000e+01
   1.3920000e+01
   1.4040000e+01
   1.4160000e+01
   1.4280000e+01
   1.4400000e+01
   1.4520000e+01
   1.4640000e+01
   1.4760000e+01
   1.4880000e+01
   1.5000000e+01
   1.5120000e+01
   1.5240000e+01
   1.5360000e+01
   1.5480000e+01
   1.5600000e+01
   1.5720000e+01
   1.5840000e+01
   1.5960000e+01
   1.6080000e+01
   1.6200000e+01
   1.6320000e+01
   1.6440000e+01
   1.6560000e+01
   1.6680000e+01
   1.6800000e+01
   1.6920000e+01
   1.7040000e+01
   1.7160000e+01
   1.7280000e+01
   1.7400000e+01
   1.7520000e+01
   1.7640000e+01
   1.7760000e+01
   1.7880000e+01
   1.8000000e+01
   1.8120000e+01
   1.8240000e+01
   1.8360000e+01
   1.8480000e+01
   1.8600000e+01
   1.8720000e+01
   1.8840000e+01
   1.8960000e+01
   1.9080000e+01
   1.9200000e+01
   1.9320000e+01
   1.9440000e+01
   1.9560000e+01
   1.9680000e+01
   1.9800000e+01
   1.9920000e+01
   2.0040000e+01
   2.0160000e+01
   2.0280000e+01
   2.0400000e+01
   2.0520000e+01
   2.0640000e+01
   2.0760000e+01
   2.0880000e+01
   2.1000000e+01
   2.1120000e+01
   2.1240000e+01
   2.1360000e+01
   2.1480000e+01
   2.1600000e+01
   2.1720000e+01
   2.1840000e+01
   2.1960000e+01
   2.2080000e+01
   2.2200000e+01
   2.2320000e+01
   2.2440000e+01
   2.2560000e+01
   2.2680000e+01
   2.2800000e+01
   2.2920000e+01
   2.3040000e+01
   2.3160000e+01
   2.3280000e+01
   2.3400000e+01
   2.3520000e+01
   2.3640000e+01
   2.3760000e+01
   2.3880000e+01
   2.4000000e+01
   2.4120000e+01
   2.4240000e+01
   2.4360000e+01
   2.4480000e+01
   2.4600000e+01
   2.4720000e+01
   2.4840000e+01
   2.4960000e+01
   2.5080000e+01
   2.5200000e+01
   2.5320000e+01
   2.5440000e+01
   2.5560000e+01
   2.5680000e+01
   2.5800000e+01
   2.5920000e+01
   2.6040000e+01
   2.6160000e+01
   2.6280000e+01
   2.6400000e+01
   2.6520000e+01
   2.6640000e+01
   2.6760000e+01
   2.6880000e+01
   2.7000000e+01
   2.7120000e+01
   2.7240000e+01
   2.7360000e+01
   2.7480000e+01
   2.7600000e+01
   2.7720000e+01
   2.7840000e+01
   2.7960000e+01
   2.8080000e+01
   2.8200000e+01
   2.8320000e+01
   2.8440000e+01
   2.8560000e+01
   2.8680000e+01
   2.8800000e+01
   2.8920000e+01
   2.9040000e+01
   2.9160000e+01
   2.9280000e+01
   2.9400000e+01
   2.9520000e+01
   2.9640000e+01
   2.9760000e+01
   2.9880000e+01
   3.0000000e+01
   3.0120000e+01
   3.0240000e+01
   3.0360000e+01
   3.0480000e+01
   3.0600000e+01
   3.0720000e+01
   3.0840000e+01
   3.0960000e+01
   3.1080000e+01
   3.1200000e+01
   3.1320000e+01
   3.1440000e+01
   3.1560000e+01
   3.1680000e+01
   3.1800000e+01
   3.1920000e+01
   3.2040000e+01
   3.2160000e+01
   3.2280000e+01
   3.2400000e+01
   3.2520000e+01
   3.2640000e+01
   3.2760000e+01
   3.2880000e+01
   3.3000000e+01
   3.3120000e+01
   3.3240000e+01
   3.3360000e+01
   3.3480000e+01
   3.3600000e+01
   3.3720000e+01
   3.3840000e+01
   3.3960000e+01
   3.4080000e+01
   3.4200000e+01
   3.4320000e+01
   3.4440000e+01
   3.4560000e+01
   3.4680000e+01
   3.4800000e+01
   3.4920000e+01
   3.5040000e+01
   3.5160000e+01
   3.5280000e+01
   3.5400000e+01
   3.5520000e+01
   3.5640000e+01
   3.5760000e+01
   3.5880000e+01
   3.6000000e+01
   3.6120000e+01
   3.6240000e+01
   3.6360000e+01
   3.6480000e+01
   3.6600000e+01
   3.6720000e+01
   3.6840000e+01
   3.6960000e+01
   3.7080000e+01
   3.7200000e+01
   3.7320000e+01
   3.7440000e+01
   3.7560000e+01
   3.7680000e+01
   3.7800000e+01
   3.7920000e+01
   3.8040000e+01
   3.8160000e+01
   3.8280000e+01
   3.8400000e+01
   3.8520000e+01
   3.8640000e+01
   3.8760000e+01
   3.8880000e+01
   3.9000000e+01
   3.9120000e+01
   3.9240000e+01
   3.9360000e+01
   3.9480000e+01
   3.9600000e+01
   3.9720000e+01
   3.9840000e+01
   3.9960000e+01
   4.0080000e+01
   4.0200000e+01
   4.0320000e+01
   4.0440000e+01
   4.0560000e+01
   4.0680000e+01
   4.0800000e+01
   4.0920000e+01
   4.1040000e+01
   4.1160000e+01
   4.1280000e+01
   4.1400000e+01
   4.1520000e+01
   4.1640000e+01
   4.1760000e+01
   4.1880000e+01
   4.2000000e+01
   4.2120000e+01
   4.2240000e+01
   4.2360000e+01
   4.2480000e+01
   4.2600000e+01
   4.2720000e+01
   4.2840000e+01
   4.2960000e+01
   4.3080000e+01
   4.3200000e+01
   4.3320000e+01
   4.3440000e+01
   4.3560000e+01
   4.3680000e+01
   4.3800000e+01
   4.3920000e+01
   4.4040000e+01
   4.4160000e+01
   4.4280000e+01
   4.4400000e+01
   4.4520000e+01
   4.4640000e+01
   4.4760000e+01
   4.4880000e+01
   4.5000000e+01
   4.5120000e+01
   4.5240000e+01
   4.5360000e+01
   4.5480000e+01
   4.5600000e+01
   4.5720000e+01
   4.5840000e+01
   4.5960000e+01
   4.6080000e+01
   4.6200000e+01
   4.6320000e+01
   4.6440000e+01
   4.6560000e+01
   4.6680000e+01
   4.6800000e+01
   4.6920000e+01
   4.7040000e+01
   4.7160000e+01
   4.7280000e+01
   4.7400000e+01
   4.7520000e+01
   4.7640000e+01
   4.7760000e+01
   4.7880000e+01
   4.8000000e+01
   4.8120000e+01
   4.8240000e+01
   4.8360000e+01
   4.8480000e+01
   4.8600000e+01
   4.8720000e+01
   4.8840000e+01
   4.8960000e+01
   4.9080000e+01
   4.9200000e+01
   4.9320000e+01
   4.9440000e+01
   4.9560000e+01
   4.9680000e+01
   4.9800000e+01
   4.9920000e+01
   5.0040000e+01
   5.0160000e+01
   5.0280000e+01
   5.0400000e+01
   5.0520000e+01
   5.0640000e+01
   5.0760000e+01
   5.0880000e+01
   5.1000000e+01
   5.1120000e+01
   5.1240000e+01
   5.1360000e+01
   5.1480000e+01
   5.1600000e+01
   5.1720000e+01
   5.1840000e+01
   5.1960000e+01
   5.2080000e+01
   5.2200000e+01
   5.2320000e+01
   5.2440000e+01
   5.2560000e+01
   5.2680000e+01
   5.2800000e+01
   5.2920000e+01
   5.3040000e+01
   5.3160000e+01
   5.3280000e+01
   5.3400000e+01
   5.3520000e+01
   5.3640000e+01
   5.3760000e+01
   5.3880000e+01
   5.4000000e+01
   5.4120000e+01
   5.4240000e+01
   5.4360000e+01
   5.4480000e+01
   5.4600000e+01
   5.4720000e+01
   5.4840000e+01
   5.4960000e+01
   5.5080000e+01
   5.5200000e+01
   5.5320000e+01
   5.5440000e+01
   5.5560000e+01
   5.5680000e+01
   5.5800000e+01
   5.5920000e+01
   5.6040000e+01
   5.6160000e+01
   5.6280000e+01
   5.6400000e+01
   5.6520000e+01
   5.6640000e+01
   5.6760000e+01
   5.6880000e+01
   5.7000000e+01
   5.7120000e+01
   5.7240000e+01
   5.7360000e+01
   5.7480000e+01
   5.7600000e+01
   5.7720000e+01
   5.7840000e+01
   5.7960000e+01
   5.8080000e+01
   5.8200000e+01
   5.8320000e+01
   5.8440000e+01
   5.8560000e+01
   5.8680000e+01
   5.8800000e+01
   5.8920000e+01
   5.9040000e+01
   5.9160000e+01
   5.9280000e+01
   5.9400000e+01
   5.9520000e+01
   5.9640000e+01
   5.9760000e+01
   5.9880000e+01
   6.0000000e+01
   6.0120000e+01
   6.0240000e+01
   6.0360000e+01
   6.0480000e+01
   6.0600000e+01
   6.0720000e+01
   6.0840000e+01
   6.0960000e+01
   6.1080000e+01
   6.1200000e+01
   6.1320000e+01
   6.1440000e+01
   6.1560000e+01
   6.1680000e+01
   6.1800000e+01
   6.1920000e+01
   6.2040000e+01
   6.2160000e+01
   6.2280000e+01
   6.2400000e+01
   6.2520000e+01
   6.2640000e+01
   6.2760000e+01
   6.2880000e+01
   6.3000000e+01
   6.3120000e+01
   6.3240000e+01
   6.3360000e+01
   6.3480000e+01
   6.3600000e+01
   6.3720000e+01
   6.3840000e+01
   6.3960000e+01
   6.4080000e+01
   6.4200000e+01
   6.4320000e+01
   6.4440000e+01
   6.4560000e+01
   6.4680000e+01
   6.4800000e+01
   6.4920000e+01
   6.5040000e+01
   6.5160000e+01
   6.5280000e+01
   6.5400000e+01
   6.5520000e+01
   6.5640000e+01
   6.5760000e+01
   6.5880000e+01
   6.6000000e+01
   6.6120000e+01
   6.6240000e+01
   6.6360000e+01
   6.6480000e+01
   6.6600000e+01
   6.6720000e+01
   6.6840000e+01
   6.6960000e+01
   6.7080000e+01
   6.7200000e+01
   6.7320000e+01
   6.7440000e+01
   6.7560000e+01
   6.7680000e+01
   6.7800000e+01
   6.7920000e+01
   6.8040000e+01
   6.8160000e+01
   6.8280000e+01
   6.8400000e+01
   6.8520000e+01
   6.8640000e+01
   6.8760000e+01
   6.8880000e+01
   6.9000000e+01
   6.9120000e+01
   6.9240000e+01
   6.9360000e+01
   6.9480000e+01
   6.9600000e+01
   6.9720000e+01
   6.9840000e+01
   6.9960000e+01
   7.0080000e+01
   7.0200000e+01
   7.0320000e+01
   7.0440000e+01
   7.0560000e+01
   7.0680000e+01
   7.0800000e+01
   7.0920000e+01
   7.1040000e+01
   7.1160000e+01
   7.1280000e+01
   7.1400000e+01
   7.1520000e+01
   7.1640000e+01
   7.1760000e+01
   7.1880000e+01
   7.2000000e+01
   7.2120000e+01
   7.2240000e+01
   7.2360000e+01
   7.2480000e+01
   7.2600000e+01
   7.2720000e+01
   7.2840000e+01
   7.2960000e+01
   7.3080000e+01
   7.3200000e+01
   7.3320000e+01
   7.3440000e+01
   7.3560000e+01
   7.3680000e+01
   7.3800000e+01
   7.3920000e+01
   7.4040000e+01
   7.4160000e+01
   7.4280000e+01
   7.4400000e+01
   7.4520000e+01
   7.4640000e+01
   7.4760000e+01
   7.4880000e+01
   7.5000000e+01
   7.5120000e+01
   7.5240000e+01
   7.5360000e+01
   7.5480000e+01
   7.5600000e+01
   7.5720000e+01
   7.5840000e+01
   7.5960000e+01
   7.6080000e+01
   7.6200000e+01
   7.6320000e+01
   7.6440000e+01
   7.6560000e+01
   7.6680000e+01
   7.6800000e+01
   7.6920000e+01
   7.7040000e+01
   7.7160000e+01
   7.7280000e+01
   7.7400000e+01
   7.7520000e+01
   7.7640000e+01
   7.7760000e+01
   7.7880000e+01
   7.8000000e+01
   7.8120000e+01
   7.8240000e+01
   7.8360000e+01
   7.8480000e+01
   7.8600000e+01
   7.8720000e+01
   7.8840000e+01
   7.8960000e+01
   7.9080000e+01
   7.9200000e+01
   7.9320000e+01
   7.9440000e+01
   7.9560000e+01
   7.9680000e+01
   7.9800000e+01
   7.9920000e+01
   8.0040000e+01
   8.0160000e+01
   8.0280000e+01
   8.0400000e+01
   8.0520000e+01
   8.0640000e+01
   8.0760000e+01
   8.0880000e+01
   8.1000000e+01
   8.1120000e+01
   8.1240000e+01
   8.1360000e+01
   8.1480000e+01
   8.1600000e+01
   8.1720000e+01
   8.1840000e+01
   8.1960000e+01
   8.2080000e+01
   8.2200000e+01
   8.2320000e+01
   8.2440000e+01
   8.2560000e+01
   8.2680000e+01
   8.2800000e+01
   8.2920000e+01
   8.3040000e+01
   8.3160000e+01
   8.3280000e+01
   8.3400000e+01
   8.3520000e+01
   8.3640000e+01
   8.3760000e+01
   8.3880000e+01
   8.4000000e+01
   8.4120000e+01
   8.4240000e+01
   8.4360000e+01
   8.4480000e+01
   8.4600000e+01
   8.4720000e+01
   8.4840000e+01
   8.4960000e+01
   8.5080000e+01
   8.5200000e+01
   8.5320000e+01
   8.5440000e+01
   8.5560000e+01
   8.5680000e+01
   8.5800000e+01
   8.5920000e+01
   8.6040000e+01
   8.6160000e+01
   8.6280000e+01
   8.6400000e+01
   8.6520000e+01
   8.6640000e+01
   8.6760000e+01
   8.6880000e+01
   8.7000000e+01
   8.7120000e+01
   8.7240000e+01
   8.7360000e+01
   8.7480000e+01
   8.7600000e+01
   8.7720000e+01
   8.7840000e+01
   8.7960000e+01
   8.8080000e+01
   8.8200000e+01
   8.8320000e+01
   8.8440000e+01
   8.8560000e+01
   8.8680000e+01
   8.8800000e+01
   8.8920000e+01
   8.9040000e+01
   8.9160000e+01
   8.9280000e+01
   8.9400000e+01
   8.9520000e+01
   8.9640000e+01
   8.9760000e+01
   8.9880000e+01
   0.0000000e+00
